Epoka , blad_glowny 
1 , 0.7959416724420458
10 , 0.4647290088780669
20 , 0.37365279258399403
30 , 0.35525636671558036
40 , 0.3469322493831372
50 , 0.33999351861073734
60 , 0.33288960228898257
70 , 0.325269107489149
80 , 0.3171891285033317
90 , 0.30865988347323736
100 , 0.29988738550997457
110 , 0.2910566826806261
120 , 0.2822555424932771
130 , 0.27361518180853145
140 , 0.2653243565153599
150 , 0.25739797303752054
160 , 0.24993347121284837
170 , 0.2428426921192192
180 , 0.23621854120571778
190 , 0.2300584931811453
200 , 0.2242839309505332
210 , 0.21898138549064744
220 , 0.2139844933098316
230 , 0.2093800156062985
240 , 0.20509499087768307
250 , 0.20114763065744518
260 , 0.19743611900213037
270 , 0.19400519629829344
280 , 0.19077383422691446
290 , 0.1877665734225467
300 , 0.18498899407125396
310 , 0.18236567305054427
320 , 0.17995237644800574
330 , 0.17764930234911597
340 , 0.1755045257083032
350 , 0.17351431901503936
360 , 0.17163196240682752
370 , 0.16983825899336868
380 , 0.16817884926395332
390 , 0.1666124681045062
400 , 0.1651470098778152
410 , 0.16375523247147028
420 , 0.16244203991090125
430 , 0.16118927588736004
440 , 0.16000826243329472
450 , 0.15890976661424197
460 , 0.15783790274211104
470 , 0.15685210586744275
480 , 0.1558927903206923
490 , 0.15496786734167736
500 , 0.1541021544913264
510 , 0.1533006075240016
520 , 0.15250215437650755
530 , 0.15173831794284265
540 , 0.15100345864341058
550 , 0.15030529741064835
560 , 0.14965355032724217
570 , 0.14898587151028417
580 , 0.1483775669390327
590 , 0.14776106009449527
600 , 0.1471471803837961
610 , 0.1465811350314276
620 , 0.14601395024828143
630 , 0.14545899361634937
640 , 0.14490609444208175
650 , 0.14436729652815272
660 , 0.1438430422469358
670 , 0.14330048515596988
680 , 0.14276848884698348
690 , 0.1422465371793006
700 , 0.14170251282630783
710 , 0.14114959737261792
720 , 0.1405908436208813
730 , 0.14002995949328215
740 , 0.1394462936632597
750 , 0.13883693829451613
760 , 0.13821065429728185
770 , 0.1375372142936352
780 , 0.13684180629365256
790 , 0.13608966707414016
800 , 0.13530465307585038
810 , 0.1344426404040851
820 , 0.1335357515533024
830 , 0.13254330276982187
840 , 0.13146964869548797
850 , 0.13028431104325902
860 , 0.1290241317661624
870 , 0.12762900205710662
880 , 0.12612851183914206
890 , 0.12449884532803443
900 , 0.122740880152884
910 , 0.12085851777225794
920 , 0.1188295745418322
930 , 0.11669335077284845
940 , 0.11443866045805298
950 , 0.1120737631540886
960 , 0.10961731637192385
970 , 0.10708232648964879
980 , 0.10449379712067133
990 , 0.10184522865004778
1000 , 0.09918555616006268
1010 , 0.0965378585012514
1020 , 0.09388108646232281
1030 , 0.09128388087766874
1040 , 0.08872318331028595
1050 , 0.08621805995374514
1060 , 0.08378453088220984
1070 , 0.08142267365145478
1080 , 0.07914094520205735
1090 , 0.07694508331218251
1100 , 0.07482146305607773
1110 , 0.07277298728808003
1120 , 0.07080215519268958
1130 , 0.06891595716955982
1140 , 0.06709748531053605
1150 , 0.06534747745212374
1160 , 0.06366834641758361
1170 , 0.06205402414549366
1180 , 0.060507814545231395
1190 , 0.05902272837619833
1200 , 0.05760402855048953
1210 , 0.056235484637891985
1220 , 0.05493069959489905
1230 , 0.053672572228911204
1240 , 0.05247124852689106
1250 , 0.05131647903821278
1260 , 0.05021000944664619
1270 , 0.04914511818441178
1280 , 0.04812277200400702
1290 , 0.047142896122950244
1300 , 0.04619814004303442
1310 , 0.04529220725882574
1320 , 0.044419105049629176
1330 , 0.04357690694447304
1340 , 0.04276697299720661
1350 , 0.04198318836343182
1360 , 0.04122880142191887
1370 , 0.04050085782520436
1380 , 0.039796035295166086
1390 , 0.039116410590326556
1400 , 0.03845761564565366
1410 , 0.03782065001153958
1420 , 0.03720308603171935
1430 , 0.03660490805816818
1440 , 0.03602483617850712
1450 , 0.03546187952756233
1460 , 0.03491574810351361
1470 , 0.034386042799980886
1480 , 0.03387050078237139
1490 , 0.033370482985338575
1500 , 0.03288398261264445
1510 , 0.03240993111117708
1520 , 0.031949269706445474
1530 , 0.03150134139527318
1540 , 0.03106439758281166
1550 , 0.03063834758314521
1560 , 0.03022350890351041
1570 , 0.029819621729311616
1580 , 0.029424629428663876
1590 , 0.029040015569310428
1600 , 0.028664357463847295
1610 , 0.02829800455794422
1620 , 0.027939916358016775
1630 , 0.027589945588955157
1640 , 0.02724816194398546
1650 , 0.026914065419934362
1660 , 0.026587252535010937
1670 , 0.026267673682018922
1680 , 0.025955494769141156
1690 , 0.025649825642515556
1700 , 0.02535028086309067
1710 , 0.025057708467180185
1720 , 0.024770548796062494
1730 , 0.02448961935240502
1740 , 0.024214722407050204
1750 , 0.02394510427795389
1760 , 0.023680979847814393
1770 , 0.02342171796183006
1780 , 0.02316778987983521
1790 , 0.022918996935438807
1800 , 0.022674832332465297
1810 , 0.022435108711279766
1820 , 0.022200265938428984
1830 , 0.021969632118971173
1840 , 0.02174322577523084
1850 , 0.02152099128272571
1860 , 0.021302818665055765
1870 , 0.021088525270719447
1880 , 0.020878114696477004
1890 , 0.020671307694396096
1900 , 0.020468361663082614
1910 , 0.020268702196710255
1920 , 0.020072829277406702
1930 , 0.01988005540103327
1940 , 0.01969047569245945
1950 , 0.019504194145633882
1960 , 0.019321083256093528
1970 , 0.01914097062602435
1980 , 0.018963931806449345
1990 , 0.0187896942076205
2000 , 0.018618169282654164
2010 , 0.018449481190408266
2020 , 0.01828365730287625
2030 , 0.018120278450737687
2040 , 0.017959472772037355
2050 , 0.01780113180988773
2060 , 0.01764530829236649
2070 , 0.01749201335110506
2080 , 0.017340837543638972
2090 , 0.017192207128374624
2100 , 0.017045597628339994
2110 , 0.016901274468355015
2120 , 0.016759195751572458
2130 , 0.01661902248983689
2140 , 0.016481126801737023
2150 , 0.016345090537247007
2160 , 0.016211069772039035
2170 , 0.016079009221278428
2180 , 0.01594869003516124
2190 , 0.01582038884694188
2200 , 0.01569387200268169
2210 , 0.01556904329457869
2220 , 0.015446016600876415
2230 , 0.015324764537475291
2240 , 0.015205046661777456
2250 , 0.015087115946997246
2260 , 0.014970717430263382
2270 , 0.014855886638499344
2280 , 0.014742564943034116
2290 , 0.014630847481874161
2300 , 0.014520540347341536
2310 , 0.014411800068682729
2320 , 0.014304403010329363
2330 , 0.0141984586012651
2340 , 0.01409382852554849
2350 , 0.01399054589713135
2360 , 0.013888631407166485
2370 , 0.013788063834507529
2380 , 0.013688709201258222
2390 , 0.013590686762016708
2400 , 0.013493826281736124
2410 , 0.013398199738755952
2420 , 0.013303766981018648
2430 , 0.013210514656818785
2440 , 0.013118405748297207
2450 , 0.013027359743831356
2460 , 0.012937495381595013
2470 , 0.012848752330823549
2480 , 0.01276104981016506
2490 , 0.012674361517861244
2500 , 0.012588700689887138
2510 , 0.01250413541190022
2520 , 0.01242052467845094
2530 , 0.012337916092379456
2540 , 0.012256208325997345
2550 , 0.012175542106224495
2560 , 0.012095748012196398
2570 , 0.012016918169353312
2580 , 0.011938953325187207
2590 , 0.011861865700843029
2600 , 0.011785721789095326
2610 , 0.011710364562720127
2620 , 0.011635928962899403
2630 , 0.011562300677038784
2640 , 0.011489476149855113
2650 , 0.011417472101808514
2660 , 0.011346263022498167
2670 , 0.011275845964082576
2680 , 0.011206176817432119
2690 , 0.011137275792053659
2700 , 0.011069133399659448
2710 , 0.01100173141923304
2720 , 0.010935034683840404
2730 , 0.01086907090125247
2740 , 0.010803799333952913
2750 , 0.010739184058580042
2760 , 0.01067531462818673
2770 , 0.010612093827568761
2780 , 0.010549502042763576
2790 , 0.010487609226468964
2800 , 0.010426341371542136
2810 , 0.010365686220132928
2820 , 0.01030569633627857
2830 , 0.010246280093024262
2840 , 0.010187517733323282
2850 , 0.010129296528198613
2860 , 0.010071692216660788
2870 , 0.01001469283500645
2880 , 0.0099582376158525
2890 , 0.009902346299046419
2900 , 0.009846997000470991
2910 , 0.009792209951302783
2920 , 0.009737984634903657
2930 , 0.009684279240760733
2940 , 0.009631091573197165
2950 , 0.009578432676637143
2960 , 0.00952627216360671
2970 , 0.009474595235362909
2980 , 0.009423461689183815
2990 , 0.009372777143466602
3000 , 0.009322619369825843
3010 , 0.00927289317064798
3020 , 0.009223677894575406
3030 , 0.009174917174990216
3040 , 0.009126603783787868
3050 , 0.009078746474241069
3060 , 0.009031343090441853
3070 , 0.008984349187950673
3080 , 0.008937828372839648
3090 , 0.008891707163566645
3100 , 0.008846025242259904
3110 , 0.008800776610461112
3120 , 0.00875592139723369
3130 , 0.0087114618797757
3140 , 0.008667422628889422
3150 , 0.008623773021918042
3160 , 0.008580532898521849
3170 , 0.00853766821313428
3180 , 0.008495183917736657
3190 , 0.008453072391954284
3200 , 0.008411322896487806
3210 , 0.008369974626102793
3220 , 0.008328969480214492
3230 , 0.008288321044622335
3240 , 0.008248023736044783
3250 , 0.00820808172162595
3260 , 0.008168473582906385
3270 , 0.008129235078194567
3280 , 0.008090318104545663
3290 , 0.008051718751357944
3300 , 0.008013475256121371
3310 , 0.007975530896054158
3320 , 0.007937936163772247
3330 , 0.007900643726968087
3340 , 0.007863654670801598
3350 , 0.00782698547002672
3360 , 0.007790635863079141
3370 , 0.007754577818273109
3380 , 0.007718816994296122
3390 , 0.007683343525548902
3400 , 0.007648180977433885
3410 , 0.007613297192871233
3420 , 0.007578701130880008
3430 , 0.0075443721986409844
3440 , 0.007510344040794753
3450 , 0.007476573900379101
3460 , 0.007443083266331143
3470 , 0.007409864296972107
3480 , 0.007376909852433798
3490 , 0.007344227185432346
3500 , 0.007311802296539671
3510 , 0.0072796161200151845
3520 , 0.007247707770305275
3530 , 0.007216030324885776
3540 , 0.007184613634645864
3550 , 0.007153440466647431
3560 , 0.007122513904656922
3570 , 0.007091824641138512
3580 , 0.007061385474009195
3590 , 0.007031168834161989
3600 , 0.00700118863881759
3610 , 0.00697143514203998
3620 , 0.00694191377457988
3630 , 0.006912617719276429
3640 , 0.0068835295552618055
3650 , 0.006854685305243972
3660 , 0.006826039507455149
3670 , 0.006797618082859822
3680 , 0.0067694156075660825
3690 , 0.00674142118339148
3700 , 0.006713631200964685
3710 , 0.00668605034609736
3720 , 0.006658678317986149
3730 , 0.006631492680865244
3740 , 0.006604526321871532
3750 , 0.006577751888557262
3760 , 0.006551164477485804
3770 , 0.006524785848325125
3780 , 0.006498594272848677
3790 , 0.006472593670226763
3800 , 0.006446775091519152
3810 , 0.006421147472394929
3820 , 0.0063956975541928545
3830 , 0.006370434414154406
3840 , 0.006345359266632121
3850 , 0.006320450526866306
3860 , 0.0062957257603395295
3870 , 0.006271183997564886
3880 , 0.0062468056898595465
3890 , 0.006222601514448001
3900 , 0.006198563400163199
3910 , 0.00617469808636385
3920 , 0.006150998910425647
3930 , 0.0061274551087036775
3940 , 0.006104091953944813
3950 , 0.00608088015965656
3960 , 0.0060578245962013225
3970 , 0.006034931519831705
3980 , 0.006012203215993678
3990 , 0.005989617585005205
4000 , 0.005967198816303629
4010 , 0.00594492585161062
4020 , 0.005922804333779582
4030 , 0.005900832263163354
4040 , 0.005879003665078863
4050 , 0.0058573329034548975
4060 , 0.005835799199510287
4070 , 0.005814412949649994
4080 , 0.005793165979219389
4090 , 0.005772056711639376
4100 , 0.005751096669992685
4110 , 0.005730266904403305
4120 , 0.005709578684409746
4130 , 0.005689031137442737
4140 , 0.005668609276414532
4150 , 0.005648329805262803
4160 , 0.005628179304826676
4170 , 0.005608156638526814
4180 , 0.005588265129368678
4190 , 0.00556850227094818
4200 , 0.005548868827998142
4210 , 0.005529359218859311
4220 , 0.00550997361225429
4230 , 0.005490713429090401
4240 , 0.005471571997628072
4250 , 0.0054525619415995066
4260 , 0.005433666846938342
4270 , 0.005414887452018715
4280 , 0.0053962356472168896
4290 , 0.005377695553488153
4300 , 0.005359268204854127
4310 , 0.005340960347899387
4320 , 0.0053227704431366325
4330 , 0.005304686430706355
4340 , 0.005286723723371217
4350 , 0.005268866421705223
4360 , 0.005251120153900021
4370 , 0.005233479317596815
4380 , 0.005215955612017076
4390 , 0.005198532661814918
4400 , 0.00518121345842767
4410 , 0.005164008551929154
4420 , 0.005146899496940967
4430 , 0.00512990297091938
4440 , 0.005113006078964092
4450 , 0.0050962043686379015
4460 , 0.0050795128922094725
4470 , 0.005062918847898489
4480 , 0.005046423290910044
4490 , 0.0050300224926140705
4500 , 0.005013726177947579
4510 , 0.004997520021094738
4520 , 0.004981417665341074
4530 , 0.004965406513698726
4540 , 0.004949489632760315
4550 , 0.004933666231325334
4560 , 0.004917937077099978
4570 , 0.004902298215242466
4580 , 0.004886746925344232
4590 , 0.004871293265993974
4600 , 0.004855923728192043
4610 , 0.0048406459175219406
4620 , 0.004825459245576655
4630 , 0.0048103575717464596
4640 , 0.004795339205301803
4650 , 0.004780415348434611
4660 , 0.004765567175147097
4670 , 0.00475081220837202
4680 , 0.004736133890762123
4690 , 0.00472154549923453
4700 , 0.0047070346720821474
4710 , 0.004692610778361906
4720 , 0.004678265803743471
4730 , 0.004664001281568035
4740 , 0.004649816902404241
4750 , 0.0046357119174736715
4760 , 0.004621682120513544
4770 , 0.0046077369351044195
4780 , 0.004593863581764321
4790 , 0.004580070435800026
4800 , 0.004566356654567078
4810 , 0.004552711935861168
4820 , 0.004539145188816312
4830 , 0.00452565546574584
4840 , 0.0045122384659266115
4850 , 0.004498890558127603
4860 , 0.0044856210344066125
4870 , 0.004472421848002526
4880 , 0.0044592938909849625
4890 , 0.004446234100184086
4900 , 0.004433251548584914
4910 , 0.004420331613588346
4920 , 0.004407487327082481
4930 , 0.004394707212847767
4940 , 0.004381997397619018
4950 , 0.004369358502247113
4960 , 0.004356781858655693
4970 , 0.004344277196135083
4980 , 0.0043318334296659
4990 , 0.004319460630702343
5000 , 0.004307151279943133
5010 , 0.00429490619969613
5020 , 0.004282725199455911
5030 , 0.004270606564925393
5040 , 0.0042585532360558
5050 , 0.004246565046152959
5060 , 0.004234638267943247
5070 , 0.004222771888320103
5080 , 0.00421096709885208
5090 , 0.004199221380033044
5100 , 0.004187540748134459
5110 , 0.004175916123731878
5120 , 0.004164356792317613
5130 , 0.004152850322485594
5140 , 0.004141405599749429
5150 , 0.004130022185852653
5160 , 0.0041186912139861715
5170 , 0.004107421158989219
5180 , 0.004096209849121928
5190 , 0.004085053010955488
5200 , 0.0040739529636491375
5210 , 0.0040629082066946515
5220 , 0.00405191937989715
5230 , 0.004040986675768031
5240 , 0.004030106920776654
5250 , 0.0040192823808614065
5260 , 0.004008512300510581
5270 , 0.0039977922325674835
5280 , 0.00398712831638175
5290 , 0.003976519023204578
5300 , 0.003965961281003077
5310 , 0.003955451750520479
5320 , 0.003944998883419448
5330 , 0.003934596064269195
5340 , 0.00392424065466029
5350 , 0.0039139414822394
5360 , 0.0039036871180348435
5370 , 0.0038934872986290843
5380 , 0.003883333047375939
5390 , 0.0038732320311439423
5400 , 0.0038631760088516072
5410 , 0.003853172338933328
5420 , 0.0038432147586511434
5430 , 0.0038333031130440122
5440 , 0.003823443548355139
5450 , 0.0038136278874836417
5460 , 0.0038038598725224993
5470 , 0.0037941383829646117
5480 , 0.0037844635992894467
5490 , 0.0037748344585112267
5500 , 0.0037652488804728957
5510 , 0.0037557122951853593
5520 , 0.0037462195354003728
5530 , 0.0037367711378131245
5540 , 0.0037273647782158394
5550 , 0.003718004594279487
5560 , 0.003708690621702678
5570 , 0.0036994174630432313
5580 , 0.0036901883507981102
5590 , 0.0036810008781994414
5600 , 0.0036718554625589745
5610 , 0.0036627536187773466
5620 , 0.0036536962820843343
5630 , 0.0036446786528342963
5640 , 0.0036357020611662346
5650 , 0.0036267669399710377
5660 , 0.0036178711364247646
5670 , 0.003609017946760019
5680 , 0.003600206836381946
5690 , 0.0035914339085108037
5700 , 0.0035826997291393135
5710 , 0.0035740063927602633
5720 , 0.0035653526983831095
5730 , 0.0035567381625055024
5740 , 0.0035481640902121437
5750 , 0.0035396252375427643
5760 , 0.003531128156243661
5770 , 0.003522668005454704
5780 , 0.003514243311859019
5790 , 0.0035058594691510167
5800 , 0.0034975104397074433
5810 , 0.0034891999161854198
5820 , 0.0034809264564036645
5830 , 0.0034726914158427005
5840 , 0.0034644907294853187
5850 , 0.003456324810568963
5860 , 0.003448196628818683
5870 , 0.003440105321012942
5880 , 0.0034320488951742837
5890 , 0.003424026963472422
5900 , 0.0034160402142751956
5910 , 0.0034080875603455857
5920 , 0.003400170344203502
5930 , 0.003392289303488426
5940 , 0.0033844405820458007
5950 , 0.00337662627327432
5960 , 0.003368846157967572
5970 , 0.0033610987668232007
5980 , 0.0033533854225060774
5990 , 0.003345703423546384
6000 , 0.003338057323096222
6010 , 0.0033304427278442903
6020 , 0.0033228605905163194
6030 , 0.0033153108194703424
6040 , 0.0033077936537853746
6050 , 0.0033003080042366046
6060 , 0.003292853758118837
6070 , 0.003285431727173634
6080 , 0.0032780393750801787
6090 , 0.003270680923582462
6100 , 0.0032633521855447573
6110 , 0.0032560527404001927
6120 , 0.0032487871725882423
6130 , 0.0032415486475252104
6140 , 0.0032343435373696373
6150 , 0.003227166623426102
6160 , 0.0032200200027400266
6170 , 0.0032129020247471645
6180 , 0.003205814905583426
6190 , 0.003198758131615126
6200 , 0.00319172797472909
6210 , 0.003184729208147229
6220 , 0.0031777572544027127
6230 , 0.003170815028181571
6240 , 0.0031639013868639287
6250 , 0.0031570158075850934
6260 , 0.003150159555292267
6270 , 0.0031433292929343303
6280 , 0.0031365288299123237
6290 , 0.0031297540241046603
6300 , 0.0031230087757903057
6310 , 0.0031162887958724756
6320 , 0.0031095983649155096
6330 , 0.0031029335882634367
6340 , 0.0030962955986159465
6350 , 0.0030896835232734994
6360 , 0.00308310016124247
6370 , 0.0030765417962375008
6380 , 0.0030700099384472074
6390 , 0.0030635033833388884
6400 , 0.0030570235756317166
6410 , 0.0030505708324215447
6420 , 0.0030441421811800546
6430 , 0.0030377393337283135
6440 , 0.003031362000658443
6450 , 0.003025009531768015
6460 , 0.0030186826008637585
6470 , 0.0030123802892241657
6480 , 0.0030061025358763733
6490 , 0.0029998498218238656
6500 , 0.002993620489494229
6510 , 0.0029874174547918292
6520 , 0.002981237899894531
6530 , 0.002975082188177313
6540 , 0.0029689505431617796
6550 , 0.0029628429520060996
6560 , 0.002956757841283731
6570 , 0.0029506982731692167
6580 , 0.002944661112421196
6590 , 0.0029386471675891773
6600 , 0.00293265573911574
6610 , 0.0029266893374831717
6620 , 0.002920744593789969
6630 , 0.0029148226995969907
6640 , 0.0029089223055054365
6650 , 0.0029030467600171944
6660 , 0.002897191535949816
6670 , 0.002891359399465898
6680 , 0.0028855495774124987
6690 , 0.002879762714864506
6700 , 0.002873995896451478
6710 , 0.0028682527995967984
6720 , 0.0028625303852115266
6730 , 0.0028568287422773902
6740 , 0.0028511505411538416
6750 , 0.002845491355308418
6760 , 0.002839854590316714
6770 , 0.002834239834400324
6780 , 0.0028286453614352284
6790 , 0.0028230705186088013
6800 , 0.0028175180865983103
6810 , 0.002811985767925256
6820 , 0.0028064739431713876
6830 , 0.002800981528525681
6840 , 0.002795511366113321
6850 , 0.002790060647898378
6860 , 0.00278462871886154
6870 , 0.0027792189310746175
6880 , 0.002773827974521143
6890 , 0.002768456929473829
6900 , 0.002763105191208663
6910 , 0.002757773259112321
6920 , 0.0027524601158785793
6930 , 0.00274716785079166
6940 , 0.00274189340688833
6950 , 0.0027366396594480525
6960 , 0.002731404324342378
6970 , 0.002726186730918185
6980 , 0.002720989791710068
6990 , 0.0027158107953663075
7000 , 0.002710650662369891
7010 , 0.002705508993529853
7020 , 0.0027003857127343373
7030 , 0.0026952809399927633
7040 , 0.0026901943328522374
7050 , 0.0026851259968238375
7060 , 0.0026800749381004534
7070 , 0.0026750427379929895
7080 , 0.002670029176829389
7090 , 0.0026650326493766184
7100 , 0.0026600537344726224
7110 , 0.0026550925391240886
7120 , 0.002650148277105862
7130 , 0.0026452230053574163
7140 , 0.0026403142132871964
7150 , 0.0026354217696588503
7160 , 0.0026305484675989118
7170 , 0.0026256911781957276
7180 , 0.0026208500770343187
7190 , 0.0026160268080494026
7200 , 0.002611221039264848
7210 , 0.002606431464889632
7220 , 0.002601657755569598
7230 , 0.002596902082886027
7240 , 0.002592161499657812
7250 , 0.0025874385918810703
7260 , 0.002582731774577754
7270 , 0.0025780406998244004
7280 , 0.0025733660119688392
7290 , 0.0025687073924835734
7300 , 0.002564064700532962
7310 , 0.0025594374911588292
7320 , 0.00255482675309594
7330 , 0.0025502317099303073
7340 , 0.0025456530995496035
7350 , 0.002541089435496812
7360 , 0.0025365412930898282
7370 , 0.002532008862686986
7380 , 0.0025274907040818686
7390 , 0.0025229896396244482
7400 , 0.0025185026800865332
7410 , 0.002514031429223386
7420 , 0.0025095748108129165
7430 , 0.002505133566758731
7440 , 0.002500706866103773
7450 , 0.0024962952644128826
7460 , 0.00249189846642658
7470 , 0.0024875159528516683
7480 , 0.0024831485520605805
7490 , 0.002478796438319378
7500 , 0.002474458000515662
7510 , 0.002470133518004876
7520 , 0.0024658240686541107
7530 , 0.002461529508658933
7540 , 0.0024572485986634556
7550 , 0.0024529812035333333
7560 , 0.002448729090100675
7570 , 0.0024444905421606824
7580 , 0.002440265324006295
7590 , 0.0024360550819373552
7600 , 0.002431858250132103
7610 , 0.0024276751955191827
7620 , 0.0024235056716135064
7630 , 0.002419349239046022
7640 , 0.002415207159368424
7650 , 0.0024110789400489585
7660 , 0.002406963717365305
7670 , 0.0024028616954895545
7680 , 0.0023987732755896126
7690 , 0.0023946973943263874
7700 , 0.0023906352358638223
7710 , 0.0023865870258746214
7720 , 0.002382551054918809
7730 , 0.0023785282318445366
7740 , 0.002374517565803344
7750 , 0.0023705212229055074
7760 , 0.0023665362827732287
7770 , 0.0023625653552328905
7780 , 0.002358606530880359
7790 , 0.002354660426452558
7800 , 0.002350726997782298
7810 , 0.0023468060730175372
7820 , 0.002342897473724694
7830 , 0.0023390009058855154
7840 , 0.002335117836646972
7850 , 0.0023312463598160593
7860 , 0.0023273872933025977
7870 , 0.002323540300802859
7880 , 0.002319705457639029
7890 , 0.002315882602632896
7900 , 0.0023120718312263
7910 , 0.0023082731970826068
7920 , 0.002304486221601504
7930 , 0.002300711254806761
7940 , 0.0022969480196999305
7950 , 0.0022931965243095684
7960 , 0.002289456862871579
7970 , 0.0022857288252888627
7980 , 0.0022820122143111473
7990 , 0.002278307298702103
8000 , 0.002274613820557611
8010 , 0.002270931782032213
8020 , 0.0022672611911552887
8030 , 0.00226360140799428
8040 , 0.0022599534008915217
8050 , 0.002256316676985049
8060 , 0.002252691592307717
8070 , 0.0022490766402148486
8080 , 0.0022454738073253854
8090 , 0.002241880911628375
8100 , 0.002238300052436201
8110 , 0.0022347291670539466
8120 , 0.0022311696378067725
8130 , 0.0022276209373145012
8140 , 0.002224083477705384
8150 , 0.002220556402213208
8160 , 0.002217039503848475
8170 , 0.0022135342920202843
8180 , 0.002210039000215933
8190 , 0.002206553850965
8200 , 0.002203080248521699
8210 , 0.0021996165902200535
8220 , 0.0021961632793025196
8230 , 0.0021927199970051504
8240 , 0.002189287930039253
8250 , 0.0021858656995170284
8260 , 0.002182453728255009
8270 , 0.002179051935494627
8280 , 0.002175660054403405
8290 , 0.002172278489827906
8300 , 0.0021689069844150225
8310 , 0.0021655455200187642
8320 , 0.0021621940085679286
8330 , 0.0021588525169925154
8340 , 0.002155520338006859
8350 , 0.002152198507134197
8360 , 0.0021488864748135652
8370 , 0.0021455841784294386
8380 , 0.0021422920915195403
8390 , 0.002139009312602699
8400 , 0.002135735875606882
8410 , 0.0021324722376848647
8420 , 0.0021292178030308554
8430 , 0.002125973246140801
8440 , 0.002122738190572902
8450 , 0.0021195128425197957
8460 , 0.002116296617005294
8470 , 0.00211308931079471
8480 , 0.0021098920815204574
8490 , 0.0021067033825864076
8500 , 0.002103524694132885
8510 , 0.002100354794027143
8520 , 0.0020971940655441553
8530 , 0.002094042029056236
8540 , 0.002090899947778872
8550 , 0.002087766054321157
8560 , 0.0020846418933243038
8570 , 0.00208152646362301
8580 , 0.00207841984465642
8590 , 0.0020753217476228566
8600 , 0.0020722332832550537
8610 , 0.0020691529020760236
8620 , 0.002066081693429525
8630 , 0.0020630195526508063
8640 , 0.002059965844975607
8650 , 0.002056920748747592
8660 , 0.0020538842610796837
8670 , 0.002050856011147702
8680 , 0.0020478367460054154
8690 , 0.00204482635194664
8700 , 0.002041824188117721
8710 , 0.0020388303483745455
8720 , 0.002035844961669445
8730 , 0.00203286808491316
8740 , 0.0020298994219031053
8750 , 0.002026939078508974
8760 , 0.0020239870695630043
8770 , 0.002021043321615112
8780 , 0.0020181078444973305
8790 , 0.002015180434453455
8800 , 0.002012261291451419
8810 , 0.002009349861240276
8820 , 0.002006447268266357
8830 , 0.0020035523474027967
8840 , 0.002000665132897189
8850 , 0.001997786227884588
8860 , 0.001994915775969635
8870 , 0.001992052695959641
8880 , 0.0019891972587908987
8890 , 0.0019863504475246814
8900 , 0.00198351095003627
8910 , 0.001980679322816331
8920 , 0.0019778554945722544
8930 , 0.001975039469740773
8940 , 0.0019722306762540347
8950 , 0.0019694299657795236
8960 , 0.0019666372801898867
8970 , 0.001963851481171647
8980 , 0.0019610736523916054
8990 , 0.001958303358793794
9000 , 0.0019555408604917425
9010 , 0.001952785627009966
9020 , 0.0019500378885044995
9030 , 0.0019472975398578773
9040 , 0.0019445641704060373
9050 , 0.0019418388772492793
9060 , 0.0019391203614706012
9070 , 0.001936409785163146
9080 , 0.001933705817842094
9090 , 0.0019310097699173012
9100 , 0.0019283206468672493
9110 , 0.0019256388533361877
9120 , 0.0019229641116595903
9130 , 0.0019202961138731788
9140 , 0.001917636060967308
9150 , 0.0019149826362972503
9160 , 0.0019123363005374456
9170 , 0.0019096970583245116
9180 , 0.001907064862951455
9190 , 0.0019044395931300247
9200 , 0.0019018212744939028
9210 , 0.0018992099043691779
9220 , 0.0018966055456145668
9230 , 0.0018940078664683435
9240 , 0.0018914168471033392
9250 , 0.0018888329691815788
9260 , 0.0018862562286435561
9270 , 0.0018836857652356073
9280 , 0.0018811222259842199
9290 , 0.0018785653355040165
9300 , 0.0018760152302920473
9310 , 0.0018734717609778042
9320 , 0.0018709348781510064
9330 , 0.00186840460759332
9340 , 0.001865880701485142
9350 , 0.0018633636031081754
9360 , 0.0018608533502915835
9370 , 0.0018583493416574357
9380 , 0.0018558518327434338
9390 , 0.0018533607942287267
9400 , 0.0018508762034839012
9410 , 0.0018483980287172484
9420 , 0.0018459259816133516
9430 , 0.001843460596223537
9440 , 0.0018410017918697001
9450 , 0.001838549096087337
9460 , 0.0018361023725247429
9470 , 0.0018336625933469298
9480 , 0.0018312283525250025
9490 , 0.0018288006879145621
9500 , 0.00182637923960982
9510 , 0.0018239639528724633
9520 , 0.0018215551893998403
9530 , 0.0018191518885658376
9540 , 0.0018167552976047288
9550 , 0.0018143643064773506
9560 , 0.0018119799054204036
9570 , 0.0018096012224548552
9580 , 0.001807228346275188
9590 , 0.001804862070202497
9600 , 0.0018025014113719642
9610 , 0.0018001464378376445
9620 , 0.0017977979258888962
9630 , 0.0017954551462068995
9640 , 0.0017931182587382064
9650 , 0.001790786869006225
9660 , 0.0017884619655148721
9670 , 0.0017861426510982353
9680 , 0.001783829055032422
9690 , 0.001781521241403825
9700 , 0.0017792192053345045
9710 , 0.001776922665842129
9720 , 0.0017746323743520539
9730 , 0.0017723472920244587
9740 , 0.0017700681102997059
9750 , 0.0017677945764252834
9760 , 0.0017655270222612387
9770 , 0.001763264741266431
9780 , 0.001761008060896237
9790 , 0.0017587570180366916
9800 , 0.0017565115913259644
9810 , 0.001754271297476409
9820 , 0.0017520371109003283
9830 , 0.0017498078789152014
9840 , 0.0017475846344962556
9850 , 0.0017453666896054363
9860 , 0.00174315388025331
9870 , 0.0017409467112512146
9880 , 0.0017387451809508002
9890 , 0.0017365488798153715
9900 , 0.0017343578122873031
9910 , 0.0017321722250357716
9920 , 0.0017299919026197038
9930 , 0.001727816792474189
9940 , 0.001725647073475564
9950 , 0.001723482583203455
9960 , 0.001721323132025815
9970 , 0.0017191694209656313
9980 , 0.0017170203908196972
9990 , 0.0017148767992022417
10000 , 0.0017127383885386783
10010 , 0.0017106051217338535
10020 , 0.001708476992563801
10030 , 0.0017063540200896493
10040 , 0.0017042363549086594
10050 , 0.001702123546962365
10060 , 0.0017000158100027025
10070 , 0.0016979128929231423
10080 , 0.0016958155134024551
10090 , 0.001693722820580043
10100 , 0.0016916352306930128
10110 , 0.001689552253819152
10120 , 0.0016874747626327243
10130 , 0.0016854020217935573
10140 , 0.0016833341947814998
10150 , 0.0016812713360528932
10160 , 0.0016792130039398683
10170 , 0.0016771600976398047
10180 , 0.0016751118536305234
10190 , 0.0016730683944622426
10200 , 0.0016710297808979243
10210 , 0.0016689959084233055
10220 , 0.0016669668659011502
10230 , 0.0016649426709784668
10240 , 0.0016629230890414977
10250 , 0.0016609083772450343
10260 , 0.0016588984237146717
10270 , 0.0016568930149536993
10280 , 0.0016548924055315006
10290 , 0.0016528964898779607
10300 , 0.0016509052708305679
10310 , 0.001648918594330339
10320 , 0.001646936556450265
10330 , 0.0016449589906712527
10340 , 0.0016429862117788199
10350 , 0.0016410180159903102
10360 , 0.0016390545598019457
10370 , 0.0016370955032431677
10380 , 0.001635140956802129
10390 , 0.0016331909414241202
10400 , 0.0016312453912222132
10410 , 0.0016293041669263831
10420 , 0.001627367858816921
10430 , 0.0016254357310875964
10440 , 0.0016235081160176205
10450 , 0.001621584915873852
10460 , 0.0016196661008823353
10470 , 0.0016177517549555184
10480 , 0.0016158416763557087
10490 , 0.0016139361243547713
10500 , 0.0016120347560402257
10510 , 0.001610137865026225
10520 , 0.0016082450450692406
10530 , 0.0016063567110027694
10540 , 0.0016044729431289018
10550 , 0.001602593008902431
10560 , 0.0016007175594173265
10570 , 0.001598846578024113
10580 , 0.001596979661335253
10590 , 0.0015951167319442846
10600 , 0.0015932583813890679
10610 , 0.0015914039007831429
10620 , 0.0015895539845269886
10630 , 0.0015877080339058072
10640 , 0.0015858662608538032
10650 , 0.0015840286373837303
10660 , 0.0015821951477989287
10670 , 0.0015803657440887256
10680 , 0.0015785403926052459
10690 , 0.0015767189926642119
10700 , 0.0015749021211473192
10710 , 0.0015730888106991077
10720 , 0.001571279794341001
10730 , 0.0015694750397449932
10740 , 0.001567674077922033
10750 , 0.0015658769531961825
10760 , 0.001564084013728195
10770 , 0.0015622950432345132
10780 , 0.0015605100664448613
10790 , 0.001558729206858348
10800 , 0.001556952160009094
10810 , 0.0015551789745261693
10820 , 0.0015534097898636874
10830 , 0.0015516444243616478
10840 , 0.0015498830131752401
10850 , 0.0015481255208005073
10860 , 0.0015463716256522023
10870 , 0.0015446220159065754
10880 , 0.0015428760630039776
10890 , 0.001541133888540828
10900 , 0.001539395568242845
10910 , 0.001537660874037779
10920 , 0.0015359301689732926
10930 , 0.0015342033868728142
10940 , 0.0015324802284344544
10950 , 0.0015307608852783894
10960 , 0.0015290450104121773
10970 , 0.0015273331035097404
10980 , 0.0015256251227501229
10990 , 0.0015239205961617478
11000 , 0.0015222198288379258
11010 , 0.0015205227705923083
11020 , 0.0015188292915111507
11030 , 0.0015171395184936495
11040 , 0.001515453273286616
11050 , 0.001513771023717437
11060 , 0.001512092152343075
11070 , 0.0015104167581171963
11080 , 0.001508745175542676
11090 , 0.0015070771562694647
11100 , 0.001505412874733086
11110 , 0.0015037520487091597
11120 , 0.0015020947315582233
11130 , 0.0015004408343940049
11140 , 0.001498790627688734
11150 , 0.0014971441374337377
11160 , 0.0014955008141585811
11170 , 0.001493861321697255
11180 , 0.0014922250002783605
11190 , 0.0014905925020048745
11200 , 0.0014889632972242017
11210 , 0.0014873375817470397
11220 , 0.00148571510726461
11230 , 0.0014840964628674979
11240 , 0.0014824808844423423
11250 , 0.0014808690484336613
11260 , 0.0014792602871611298
11270 , 0.0014776553199497306
11280 , 0.00147605351835707
11290 , 0.0014744550426907615
11300 , 0.0014728600249248865
11310 , 0.0014712683254747084
11320 , 0.001469680001660848
11330 , 0.001468094790567033
11340 , 0.0014665132970979706
11350 , 0.0014649349350524307
11360 , 0.0014633598570490218
11370 , 0.001461788052595587
11380 , 0.001460219570546364
11390 , 0.0014586543348939136
11400 , 0.0014570924105579207
11410 , 0.0014555335722743752
11420 , 0.001453978133084756
11430 , 0.0014524260423248113
11440 , 0.0014508769085143493
11450 , 0.0014493312977680263
11460 , 0.0014477887802549468
11470 , 0.0014462492136419394
11480 , 0.0014447131998372592
11490 , 0.0014431802021776167
11500 , 0.0014416501723064027
11510 , 0.0014401236428758545
11520 , 0.0014385999514759484
11530 , 0.0014370797167058225
11540 , 0.0014355624295980642
11550 , 0.0014340481237809393
11560 , 0.0014325370881812525
11570 , 0.0014310292802441119
11580 , 0.0014295244527085913
11590 , 0.00142802269935442
11600 , 0.0014265238271995643
11610 , 0.0014250283713977735
11620 , 0.001423535777222729
11630 , 0.0014220462462007808
11640 , 0.001420559569702802
11650 , 0.001419076227407475
11660 , 0.0014175956493088838
11670 , 0.0014161181918858439
11680 , 0.0014146437468271248
11690 , 0.0014131724558368469
11700 , 0.0014117038121517025
11710 , 0.0014102384623753514
11720 , 0.0014087759326404826
11730 , 0.0014073163238985814
11740 , 0.0014058595471469822
11750 , 0.00140440597531635
11760 , 0.0014029550767740038
11770 , 0.0014015073793453739
11780 , 0.0014000624101744427
11790 , 0.0013986203929076105
11800 , 0.0013971812860188722
11810 , 0.0013957450085727346
11820 , 0.0013943116007529377
11830 , 0.0013928809805375778
11840 , 0.0013914533316814357
11850 , 0.001390028672264788
11860 , 0.0013886067571769062
11870 , 0.0013871876116676016
11880 , 0.0013857711815525565
11890 , 0.0013843578523638545
11900 , 0.0013829470516585653
11910 , 0.0013815393645443183
11920 , 0.0013801341352573453
11930 , 0.001378731999851251
11940 , 0.0013773323647685073
11950 , 0.0013759356385285803
11960 , 0.0013745416585661894
11970 , 0.0013731505899048828
11980 , 0.001371761993041633
11990 , 0.0013703764236135962
12000 , 0.0013689932710261516
12010 , 0.0013676131510004161
12020 , 0.0013662355832358636
12030 , 0.0013648607375677095
12040 , 0.0013634884318200128
12050 , 0.0013621190844828133
12060 , 0.0013607521728403386
12070 , 0.0013593881927111292
12080 , 0.001358026619283417
12090 , 0.001356668000710878
12100 , 0.00135531187069008
12110 , 0.0013539582237300255
12120 , 0.0013526075317331653
12130 , 0.0013512592834051674
12140 , 0.0013499137340465353
12150 , 0.00134857059792613
12160 , 0.001347230330542933
12170 , 0.0013458925959663136
12180 , 0.001344557269868696
12190 , 0.001343224805233759
12200 , 0.00134189466269016
12210 , 0.001340567194382272
12220 , 0.001339242471576233
12230 , 0.0013379201072069359
12240 , 0.0013366003395463024
12250 , 0.0013352830696443517
12260 , 0.001333968393805554
12270 , 0.0013326561956056942
12280 , 0.001331346415483291
12290 , 0.0013300394000434986
12300 , 0.0013287347840561124
12310 , 0.0013274326093407588
12320 , 0.001326132953661236
12330 , 0.0013248356632437647
12340 , 0.001323540969625603
12350 , 0.0013222488607906176
12360 , 0.0013209590007147356
12370 , 0.0013196716883923328
12380 , 0.00131838699519816
12390 , 0.001317104588697019
12400 , 0.0013158244790643708
12410 , 0.0013145470731967756
12420 , 0.001313271797112405
12430 , 0.0013119990976498195
12440 , 0.0013107289344183384
12450 , 0.0013094610139067066
12460 , 0.0013081955365679442
12470 , 0.001306932302800983
12480 , 0.0013056717072933645
12490 , 0.001304413374376385
12500 , 0.0013031573675858232
12510 , 0.001301903751693027
12520 , 0.0013006524837835488
12530 , 0.0012994035539809182
12540 , 0.0012981568853848782
12550 , 0.0012969127538610882
12560 , 0.0012956708483451282
12570 , 0.001294431296428625
12580 , 0.0012931940547287564
12590 , 0.0012919589555126082
12600 , 0.0012907263081422399
12610 , 0.0012894960585826
12620 , 0.0012882679048230074
12630 , 0.0012870421345804084
12640 , 0.0012858187678473118
12650 , 0.001284597561031835
12660 , 0.001283378572504591
12670 , 0.001282161783124383
12680 , 0.0012809473469719064
12690 , 0.0012797352683767004
12700 , 0.0012785253109123533
12710 , 0.0012773175167520075
12720 , 0.001276112145492716
12730 , 0.0012749089008408721
12740 , 0.0012737078445242277
12750 , 0.0012725090491495644
12760 , 0.0012713122916522882
12770 , 0.0012701179641176413
12780 , 0.0012689257395581345
12790 , 0.001267735615269384
12800 , 0.0012665478592358511
12810 , 0.0012653620722186184
12820 , 0.0012641786668699281
12830 , 0.0012629973568166997
12840 , 0.001261818033199281
12850 , 0.0012606411169099614
12860 , 0.0012594662425284564
12870 , 0.0012582934844609368
12880 , 0.001257122762126093
12890 , 0.0012559544024524354
12900 , 0.0012547880766774818
12910 , 0.001253623810041453
12920 , 0.0012524616924224647
12930 , 0.0012513015680412577
12940 , 0.0012501436555049645
12950 , 0.0012489878532334457
12960 , 0.0012478342353769748
12970 , 0.001246682582398574
12980 , 0.0012455330508138467
12990 , 0.0012443855500048873
13000 , 0.0012432400094043838
13010 , 0.0012420967809000881
13020 , 0.0012409554677941452
13030 , 0.001239816222276409
13040 , 0.0012386790129774025
13050 , 0.001237543849754819
13060 , 0.0012364107536030583
13070 , 0.0012352796352677986
13080 , 0.0012341504571433805
13090 , 0.001233023538248508
13100 , 0.0012318985082606744
13110 , 0.0012307753586350478
13120 , 0.001229654333270431
13130 , 0.001228535422841906
13140 , 0.001227418385119734
13150 , 0.0012263033624176235
13160 , 0.0012251901765917353
13170 , 0.001224079100471415
13180 , 0.001222970078913821
13190 , 0.0012218628463494174
13200 , 0.001220757794481561
13210 , 0.001219654532848119
13220 , 0.0012185531814960357
13230 , 0.0012174539789467712
13240 , 0.0012163564745032189
13250 , 0.0012152610168539274
13260 , 0.0012141675922664012
13270 , 0.0012130759262154473
13280 , 0.0012119863583890454
13290 , 0.0012108986314576637
13300 , 0.0012098127659415658
13310 , 0.0012087288321127481
13320 , 0.0012076467080188939
13330 , 0.0012065665786157277
13340 , 0.0012054884362508868
13350 , 0.0012044120680134729
13360 , 0.0012033375172589877
13370 , 0.0012022649261035584
13380 , 0.0012011943075643638
13390 , 0.0012001254428653575
13400 , 0.0011990584394007801
13410 , 0.001197993326442649
13420 , 0.0011969300677660568
13430 , 0.0011958686003028752
13440 , 0.0011948089333212956
13450 , 0.0011937512942203322
13460 , 0.001192695280307524
13470 , 0.0011916412705543162
13480 , 0.0011905890340336094
13490 , 0.0011895385877228751
13500 , 0.001188489954495157
13510 , 0.0011874430607767663
13520 , 0.0011863981484135902
13530 , 0.0011853549742074124
13540 , 0.001184313554456982
13550 , 0.001183273845446225
13560 , 0.0011822360152968715
13570 , 0.0011812000742989102
13580 , 0.001180165838529476
13590 , 0.0011791333371382786
13600 , 0.001178102516108625
13610 , 0.0011770736627842956
13620 , 0.0011760464797366062
13630 , 0.0011750210614782453
13640 , 0.0011739972754219957
13650 , 0.0011729753529899063
13660 , 0.0011719552638101106
13670 , 0.0011709368146904796
13680 , 0.0011699199972047968
13690 , 0.001168905105223169
13700 , 0.0011678918664296497
13710 , 0.001166880233816715
13720 , 0.0011658705181403642
13730 , 0.0011648623098612805
13740 , 0.0011638559225160068
13750 , 0.0011628513150726749
13760 , 0.001161848324907024
13770 , 0.0011608470499997448
13780 , 0.0011598474407353465
13790 , 0.001158849433808504
13800 , 0.0011578532928786937
13810 , 0.0011568587530425443
13820 , 0.0011558658748605378
13830 , 0.0011548746730371169
13840 , 0.0011538851512516769
13850 , 0.0011528972436847165
13860 , 0.0011519109524137112
13870 , 0.0011509264955353292
13880 , 0.0011499435544589025
13890 , 0.0011489622994206817
13900 , 0.0011479826763974973
13910 , 0.001147004696595297
13920 , 0.0011460282599200734
13930 , 0.0011450535391137292
13940 , 0.001144080516997464
13950 , 0.0011431090735927814
13960 , 0.0011421391127269156
13970 , 0.001141170950201546
13980 , 0.0011402042507895212
13990 , 0.0011392392328260005
14000 , 0.0011382759069736659
14010 , 0.0011373140654303384
14020 , 0.0011363538494533556
14030 , 0.001135395118211261
14040 , 0.0011344381410000781
14050 , 0.0011334826932693706
14060 , 0.0011325288060087069
14070 , 0.0011315764074454316
14080 , 0.0011306257338273057
14090 , 0.0011296765679919228
14100 , 0.0011287288819780065
14110 , 0.0011277829007893874
14120 , 0.0011268383310541594
14130 , 0.0011258953983273297
14140 , 0.001124953991966497
14150 , 0.0011240141573807233
14160 , 0.0011230759358337996
14170 , 0.0011221391522221375
14180 , 0.0011212039057978385
14190 , 0.0011202702069972137
14200 , 0.0011193380277181217
14210 , 0.0011184073678573469
14220 , 0.001117478222483172
14230 , 0.0011165505317614485
14240 , 0.0011156244199998983
14250 , 0.0011146998793237109
14260 , 0.0011137767129654093
14270 , 0.0011128551834730862
14280 , 0.0011119350886455526
14290 , 0.0011110164805643269
14300 , 0.0011100993825548682
14310 , 0.001109183729306334
14320 , 0.0011082695862390394
14330 , 0.0011073568290810257
14340 , 0.0011064457277739392
14350 , 0.001105535980281619
14360 , 0.0011046277227442247
14370 , 0.0011037208636699351
14380 , 0.001102815539546991
14390 , 0.0011019117460345264
14400 , 0.0011010092591359573
14410 , 0.0011001082928915225
14420 , 0.0010992087808741411
14430 , 0.001098310799916548
14440 , 0.0010974141755489193
14450 , 0.0010965188965621517
14460 , 0.0010956252244758464
14470 , 0.0010947328818297743
14480 , 0.0010938419089934457
14490 , 0.0010929524292908508
14500 , 0.0010920644546893502
14510 , 0.0010911777365875985
14520 , 0.0010902925980716084
14530 , 0.0010894087669712552
14540 , 0.001088526371806479
14550 , 0.0010876452945061533
14560 , 0.0010867657012662562
14570 , 0.001085887557715226
14580 , 0.0010850107583772089
14590 , 0.0010841353484439028
14600 , 0.0010832613133430668
14610 , 0.001082388665850147
14620 , 0.0010815173331615233
14630 , 0.0010806475366645586
14640 , 0.0010797789294365399
14650 , 0.0010789118554491795
14660 , 0.001078046102157079
14670 , 0.0010771816229008576
14680 , 0.0010763186440966483
14690 , 0.0010754568870787473
14700 , 0.0010745965582261408
14710 , 0.0010737376394798254
14720 , 0.0010728800262165888
14730 , 0.001072023737506862
14740 , 0.0010711688062534604
14750 , 0.0010703152078569529
14760 , 0.0010694629365795626
14770 , 0.0010686119363886818
14780 , 0.001067762417240624
14790 , 0.0010669141334091073
14800 , 0.0010660672087208366
14810 , 0.0010652215659282087
14820 , 0.0010643771992202343
14830 , 0.001063534205361837
14840 , 0.001062692598853622
14850 , 0.0010618521719975107
14860 , 0.0010610131782113116
14870 , 0.0010601754204758937
14880 , 0.0010593388875865712
14890 , 0.0010585037258634734
14900 , 0.0010576698641495672
14910 , 0.0010568372916491353
14920 , 0.0010560060857403594
14930 , 0.0010551760049778162
14940 , 0.001054347354168791
14950 , 0.0010535199350324986
14960 , 0.001052693763103236
14970 , 0.0010518688616257014
14980 , 0.0010510451870239775
14990 , 0.0010502229045439078
15000 , 0.0010494018232133308
15010 , 0.0010485820029146214
15020 , 0.0010477634327348759
15030 , 0.0010469461366337423
15040 , 0.001046130089830562
15050 , 0.0010453153030535922
15060 , 0.0010445017460222795
15070 , 0.0010436893639144324
15080 , 0.0010428783021708028
15090 , 0.001042068558267637
15100 , 0.0010412598952096114
15110 , 0.0010404525357773592
15120 , 0.001039646414374546
15130 , 0.001038841586023616
15140 , 0.001038037927482129
15150 , 0.0010372354096695466
15160 , 0.001036434253242709
15170 , 0.0010356341843807356
15180 , 0.0010348354521243237
15190 , 0.0010340378116872606
15200 , 0.0010332414931011418
15210 , 0.0010324462741685464
15220 , 0.0010316523209349072
15230 , 0.0010308596112427657
15240 , 0.0010300680530308103
15250 , 0.0010292776334467956
15260 , 0.0010284884641526884
15270 , 0.001027700535685026
15280 , 0.0010269137496049878
15290 , 0.0010261281425948167
15300 , 0.0010253437275956877
15310 , 0.0010245604066066686
15320 , 0.001023778401427484
15330 , 0.0010229974443916863
15340 , 0.0010222177265614522
15350 , 0.00102143917165706
15360 , 0.0010206617910200502
15370 , 0.0010198856244724192
15380 , 0.0010191105639307748
15390 , 0.0010183366193035062
15400 , 0.001017563932088465
15410 , 0.0010167922830724633
15420 , 0.0010160219005544214
15430 , 0.0010152525624652071
15440 , 0.0010144844790746885
15450 , 0.0010137174740503464
15460 , 0.001012951618554056
15470 , 0.0010121869265017178
15480 , 0.0010114233414788994
15490 , 0.001010660895007753
15500 , 0.0010098995048863932
15510 , 0.0010091393757703903
15520 , 0.001008380259962628
15530 , 0.001007622379459088
15540 , 0.0010068655090440602
15550 , 0.0010061098763497183
15560 , 0.0010053552956510764
15570 , 0.0010046017726518563
15580 , 0.0010038494194726847
15590 , 0.0010030982460279417
15600 , 0.0010023481050498281
15610 , 0.0010015990673299649
15620 , 0.001000851135086202
15630 , 0.0010001042986755176
15632 , 0.0009999550711817641
