Epoka , blad_glowny 
1 , 0.3471241595873306
10 , 0.12797931747242342
20 , 0.09516849661719781
30 , 0.07708274611602131
40 , 0.08709708836599124
50 , 0.08178911644833074
60 , 0.06851714651356379
70 , 0.10032086562442415
80 , 0.06731415412106978
90 , 0.05799169026646652
100 , 0.0406815994793714
110 , 0.06151602325729622
120 , 0.05893979851624625
130 , 0.024687618514074652
140 , 0.055461116830917846
150 , 0.04093346701097459
160 , 0.07166035881098451
170 , 0.05752308840702883
180 , 0.10201524107628669
190 , 0.052994151542386146
200 , 0.06789421773291043
210 , 0.034184580322233205
220 , 0.04892388198315905
230 , 0.05395648206576742
240 , 0.05484648418606047
250 , 0.040118771890329204
260 , 0.0344787038116755
270 , 0.022511556341788957
280 , 0.02086157339606435
290 , 0.05653473834326944
300 , 0.03521678945110643
310 , 0.03386823036575011
320 , 0.012243278000667726
330 , 0.041854227726384065
340 , 0.04791456928358709
350 , 0.019128240066901635
360 , 0.02804481127480378
370 , 0.028002425635832513
380 , 0.04414439783652743
390 , 0.046665327856340165
400 , 0.06829295478697844
410 , 0.02146910035980627
420 , 0.02908551454596784
430 , 0.03585369599357501
440 , 0.021336372099166407
450 , 0.041997774290307474
460 , 0.03691805667510459
470 , 0.01747233824721623
480 , 0.041763325625560795
490 , 0.027121681129038754
500 , 0.03509657440885163
510 , 0.027077502289161635
520 , 0.06621231388889018
530 , 0.029971377790369305
540 , 0.03903033469825252
550 , 0.03867450416809657
560 , 0.04353248315175132
570 , 0.04219667237516621
580 , 0.10117145298842803
590 , 0.043502670417580935
600 , 0.04302899334933616
610 , 0.0530081568460568
620 , 0.04712932904077166
630 , 0.03919146832383615
640 , 0.030323813032866773
650 , 0.03717560810886584
660 , 0.03123340652637743
670 , 0.02444416100186003
680 , 0.05473218632518581
690 , 0.053333556448104225
700 , 0.040829378712935974
710 , 0.044272512925074135
720 , 0.03296372236410429
730 , 0.026579565613809242
740 , 0.03409903005509909
750 , 0.02677881935237545
760 , 0.022894350686982465
770 , 0.045711886291644674
780 , 0.04372360262011903
790 , 0.016512030079140958
800 , 0.0359857644971217
810 , 0.07309474813670633
820 , 0.03353052801398459
830 , 0.02827022962775758
840 , 0.046108159458541347
850 , 0.03612095761890652
860 , 0.04592556924664941
870 , 0.04263951533819512
880 , 0.039182722206765185
890 , 0.02019025475114566
900 , 0.05812078786321645
910 , 0.02703869504523756
920 , 0.03543374171023265
930 , 0.03782952684959516
940 , 0.05601915411898922
950 , 0.035176280702273695
960 , 0.02018313220798147
970 , 0.04349429672977724
980 , 0.028525467086598994
990 , 0.047663955258997096
1000 , 0.03405650477878389
1010 , 0.026256357685037916
1020 , 0.06514285197558636
1030 , 0.026510113074790106
1040 , 0.019104850536551348
1050 , 0.0457172625930908
1060 , 0.05315969155556632
1070 , 0.04185497213572271
1080 , 0.04415561995515892
1090 , 0.0665704388743643
1100 , 0.029010449299587016
1110 , 0.036177829767018235
1120 , 0.013705920549993696
1130 , 0.043436566506051266
1140 , 0.019297979395611287
1150 , 0.04440166905083735
1160 , 0.0441468047566833
1170 , 0.04439851264929708
1180 , 0.030874888288732943
1190 , 0.026238544059503235
1200 , 0.03519234058891326
1210 , 0.027626307120195134
1220 , 0.01936341187691418
1230 , 0.04942414867455924
1240 , 0.04101724036175894
1250 , 0.02557008239799514
1260 , 0.03597602331592566
1270 , 0.03762105169411567
1280 , 0.0417082718723261
1290 , 0.038932045568097616
1300 , 0.04377409418015238
1310 , 0.04362241751806389
1320 , 0.042055705877635914
1330 , 0.04314565650836977
1340 , 0.028758741300985883
1350 , 0.022492341355928536
1360 , 0.033662514364324596
1370 , 0.050904079864655255
1380 , 0.04552732606720287
1390 , 0.044997976413134286
1400 , 0.0518651029910263
1410 , 0.026576466667733816
1420 , 0.04364055986870452
1430 , 0.03480316601097739
1440 , 0.03638989186450863
1450 , 0.03130754914505198
1460 , 0.04164998887061782
1470 , 0.026456919935554726
1480 , 0.032978661383464614
1490 , 0.050653740346465616
1500 , 0.06390861935611171
1510 , 0.048318193914967326
1520 , 0.05031774459417791
1530 , 0.018001435561252777
1540 , 0.01536696437673785
1550 , 0.04448349610934146
1560 , 0.03551131845304836
1570 , 0.04867008222254668
1580 , 0.019894912034859467
1590 , 0.047502428125991765
1600 , 0.04459971272211226
1610 , 0.03486448785158527
1620 , 0.035460360020367426
1630 , 0.043926349280541455
1640 , 0.05181398352061447
1650 , 0.04322423598817701
1660 , 0.061052041989983846
1670 , 0.036866116262710406
1680 , 0.045104644239326676
1690 , 0.04106792384659527
1700 , 0.03271950821238232
1710 , 0.01851217354733446
1720 , 0.03536890569783278
1730 , 0.0363793840307142
1740 , 0.03322190835701438
1750 , 0.036516822524352816
1760 , 0.03022387141472415
1770 , 0.03977514506343157
1780 , 0.041952541893758404
1790 , 0.024159078565292803
1800 , 0.06291859161505123
1810 , 0.02900276013259366
1820 , 0.041893033369249426
1830 , 0.023839994288204148
1840 , 0.028037434276835246
1850 , 0.03890263662886327
1860 , 0.026635207720601368
1870 , 0.04085754059650047
1880 , 0.04420873462101241
1890 , 0.05682195932493726
1900 , 0.018933071334522926
1910 , 0.04212007479817826
1920 , 0.032977750319264434
1930 , 0.03609032148343036
1940 , 0.04504287521543895
1950 , 0.020295915006473594
1960 , 0.02698118810997598
1970 , 0.03289809490046762
1980 , 0.04057531398349785
1990 , 0.030256779623704048
2000 , 0.037950729538771856
Log: 1
Wzorzec wejsciowy: [6.2, 2.9, 4.3, 1.3]
Oczekiwana odpowiedz: [0, 1, 0]
Blad calkowity: 0.0007662237138438936
Bledy na wyjsciach: [-0.003959702547306987, 0.027564760285506806, -0.027512763834758307]

Wartosci wyjsciowe: [0.003959702547306987, 0.9724352397144932, 0.027512763834758307]
Wagi: [[-0.33204469553210186, -0.6575891021764728, -2.6543241685903407, -3.102871497566758, 8.291920134219525], [0.08459305134929335, 0.6265635248793888, -5.852597436873856, 2.775089293430459, -6.432812231319357], [0.42100243502942125, -2.4268657398004034, 5.851436126748714, -0.2168393288899936, -3.0390162605335753]]

Warstwa ukryta (nr 0)
Wartosci wyjsciowe: [0.00010189226498869401, 0.9999805259734256, 5.737725419399822e-22, 0.9995787794230334, 0.00015198239826274326]
Wagi: [[-0.68233110601214, -0.894286092876439, -0.43191409519998164, -0.9239248948393831], [1.33355053299099, 0.44214035468246593, 0.49979447949037786, -0.34573705902837415], [-23.46829811089435, -22.115812962609176, 35.294475012913274, 39.05281382664037], [-0.09479421492179795, -2.0095786725541678, 3.1431640226225603, 0.8603868159324649], [0.11181800743244923, 2.613155505222095, -3.7980254864283274, -1.5456938113983052]]


Log: 2
Wzorzec wejsciowy: [5.8, 2.7, 5.1, 1.9]
Oczekiwana odpowiedz: [0, 0, 1]
Blad calkowity: 0.008503034565040847
Bledy na wyjsciach: [-0.0002788837150598281, -0.0921851267721433, 0.09223824454074914]

Wartosci wyjsciowe: [0.0002788837150598281, 0.0921851267721433, 0.9077617554592509]
Wagi: [[-0.33204469553210186, -0.6575891021764728, -2.6543241685903407, -3.102871497566758, 8.291920134219525], [0.08459305134929335, 0.6265635248793888, -5.852597436873856, 2.775089293430459, -6.432812231319357], [0.42100243502942125, -2.4268657398004034, 5.851436126748714, -0.2168393288899936, -3.0390162605335753]]

Warstwa ukryta (nr 0)
Wartosci wyjsciowe: [6.509555564241787e-05, 0.999970080031601, 0.9999999362273247, 0.9999868953371622, 1.633492063880305e-06]
Wagi: [[-0.68233110601214, -0.894286092876439, -0.43191409519998164, -0.9239248948393831], [1.33355053299099, 0.44214035468246593, 0.49979447949037786, -0.34573705902837415], [-23.46829811089435, -22.115812962609176, 35.294475012913274, 39.05281382664037], [-0.09479421492179795, -2.0095786725541678, 3.1431640226225603, 0.8603868159324649], [0.11181800743244923, 2.613155505222095, -3.7980254864283274, -1.5456938113983052]]


Log: 3
Wzorzec wejsciowy: [5.7, 2.9, 4.2, 1.3]
Oczekiwana odpowiedz: [0, 1, 0]
Blad calkowity: 0.0007667264303413916
Bledy na wyjsciach: [-0.003963171383190298, 0.02758460409858643, -0.027510647938470904]

Wartosci wyjsciowe: [0.003963171383190298, 0.9724153959014136, 0.027510647938470904]
Wagi: [[-0.33204469553210186, -0.6575891021764728, -2.6543241685903407, -3.102871497566758, 8.291920134219525], [0.08459305134929335, 0.6265635248793888, -5.852597436873856, 2.775089293430459, -6.432812231319357], [0.42100243502942125, -2.4268657398004034, 5.851436126748714, -0.2168393288899936, -3.0390162605335753]]

Warstwa ukryta (nr 0)
Wartosci wyjsciowe: [0.00014963892706443754, 0.9999601223539558, 2.0989223483863623e-18, 0.9994499841647198, 0.000210103470611065]
Wagi: [[-0.68233110601214, -0.894286092876439, -0.43191409519998164, -0.9239248948393831], [1.33355053299099, 0.44214035468246593, 0.49979447949037786, -0.34573705902837415], [-23.46829811089435, -22.115812962609176, 35.294475012913274, 39.05281382664037], [-0.09479421492179795, -2.0095786725541678, 3.1431640226225603, 0.8603868159324649], [0.11181800743244923, 2.613155505222095, -3.7980254864283274, -1.5456938113983052]]


Log: 4
Wzorzec wejsciowy: [5.6, 2.7, 4.2, 1.3]
Oczekiwana odpowiedz: [0, 1, 0]
Blad calkowity: 0.000766109970300879
Bledy na wyjsciach: [-0.0039580298319723635, 0.027555892181489905, -0.02751775329733658]

Wartosci wyjsciowe: [0.0039580298319723635, 0.9724441078185101, 0.02751775329733658]
Wagi: [[-0.33204469553210186, -0.6575891021764728, -2.6543241685903407, -3.102871497566758, 8.291920134219525], [0.08459305134929335, 0.6265635248793888, -5.852597436873856, 2.775089293430459, -6.432812231319357], [0.42100243502942125, -2.4268657398004034, 5.851436126748714, -0.2168393288899936, -3.0390162605335753]]

Warstwa ukryta (nr 0)
Wartosci wyjsciowe: [0.00019157389835790394, 0.9999502212025169, 1.82880211436754e-15, 0.9996354231241011, 0.00012320801856252747]
Wagi: [[-0.68233110601214, -0.894286092876439, -0.43191409519998164, -0.9239248948393831], [1.33355053299099, 0.44214035468246593, 0.49979447949037786, -0.34573705902837415], [-23.46829811089435, -22.115812962609176, 35.294475012913274, 39.05281382664037], [-0.09479421492179795, -2.0095786725541678, 3.1431640226225603, 0.8603868159324649], [0.11181800743244923, 2.613155505222095, -3.7980254864283274, -1.5456938113983052]]


Log: 5
Wzorzec wejsciowy: [5.0, 3.0, 1.6, 0.2]
Oczekiwana odpowiedz: [1, 0, 0]
Blad calkowity: 4.217142725997618e-05
Bledy na wyjsciach: [0.0060212005060199525, -0.006692285821431948, -0.0018169505966091494]

Wartosci wyjsciowe: [0.99397879949398, 0.006692285821431948, 0.0018169505966091494]
Wagi: [[-0.33204469553210186, -0.6575891021764728, -2.6543241685903407, -3.102871497566758, 8.291920134219525], [0.08459305134929335, 0.6265635248793888, -5.852597436873856, 2.775089293430459, -6.432812231319357], [0.42100243502942125, -2.4268657398004034, 5.851436126748714, -0.2168393288899936, -3.0390162605335753]]

Warstwa ukryta (nr 0)
Wartosci wyjsciowe: [0.0018705724053354705, 0.9997567623988817, 9.688417624759815e-71, 0.14826925334775934, 0.9641004973090935]
Wagi: [[-0.68233110601214, -0.894286092876439, -0.43191409519998164, -0.9239248948393831], [1.33355053299099, 0.44214035468246593, 0.49979447949037786, -0.34573705902837415], [-23.46829811089435, -22.115812962609176, 35.294475012913274, 39.05281382664037], [-0.09479421492179795, -2.0095786725541678, 3.1431640226225603, 0.8603868159324649], [0.11181800743244923, 2.613155505222095, -3.7980254864283274, -1.5456938113983052]]


Log: 6
Wzorzec wejsciowy: [6.3, 2.7, 4.9, 1.8]
Oczekiwana odpowiedz: [0, 0, 1]
Blad calkowity: 0.9450678220402758
Bledy na wyjsciach: [-0.003927518108434597, -0.9721478614163446, 0.9721361809055804]

Wartosci wyjsciowe: [0.003927518108434597, 0.9721478614163446, 0.02786381909441958]
Wagi: [[-0.33204469553210186, -0.6575891021764728, -2.6543241685903407, -3.102871497566758, 8.291920134219525], [0.08459305134929335, 0.6265635248793888, -5.852597436873856, 2.775089293430459, -6.432812231319357], [0.42100243502942125, -2.4268657398004034, 5.851436126748714, -0.2168393288899936, -3.0390162605335753]]

Warstwa ukryta (nr 0)
Wartosci wyjsciowe: [5.533888300666516e-05, 0.9999836021612458, 0.002171020683977198, 0.9999719210066926, 4.3094095523232825e-06]
Wagi: [[-0.68233110601214, -0.894286092876439, -0.43191409519998164, -0.9239248948393831], [1.33355053299099, 0.44214035468246593, 0.49979447949037786, -0.34573705902837415], [-23.46829811089435, -22.115812962609176, 35.294475012913274, 39.05281382664037], [-0.09479421492179795, -2.0095786725541678, 3.1431640226225603, 0.8603868159324649], [0.11181800743244923, 2.613155505222095, -3.7980254864283274, -1.5456938113983052]]


Log: 7
Wzorzec wejsciowy: [7.0, 3.2, 4.7, 1.4]
Oczekiwana odpowiedz: [0, 1, 0]
Blad calkowity: 0.0007654923249601979
Bledy na wyjsciach: [-0.003954516510181172, 0.027535040798886246, -0.02751668543438272]

Wartosci wyjsciowe: [0.003954516510181172, 0.9724649592011138, 0.02751668543438272]
Wagi: [[-0.33204469553210186, -0.6575891021764728, -2.6543241685903407, -3.102871497566758, 8.291920134219525], [0.08459305134929335, 0.6265635248793888, -5.852597436873856, 2.775089293430459, -6.432812231319357], [0.42100243502942125, -2.4268657398004034, 5.851436126748714, -0.2168393288899936, -3.0390162605335753]]

Warstwa ukryta (nr 0)
Wartosci wyjsciowe: [3.462841049452084e-05, 0.9999950257754532, 3.555540719138127e-25, 0.9997832453981573, 6.826996485887752e-05]
Wagi: [[-0.68233110601214, -0.894286092876439, -0.43191409519998164, -0.9239248948393831], [1.33355053299099, 0.44214035468246593, 0.49979447949037786, -0.34573705902837415], [-23.46829811089435, -22.115812962609176, 35.294475012913274, 39.05281382664037], [-0.09479421492179795, -2.0095786725541678, 3.1431640226225603, 0.8603868159324649], [0.11181800743244923, 2.613155505222095, -3.7980254864283274, -1.5456938113983052]]


Log: 8
Wzorzec wejsciowy: [5.5, 2.4, 3.8, 1.1]
Oczekiwana odpowiedz: [0, 1, 0]
Blad calkowity: 0.0007678447279235987
Bledy na wyjsciach: [-0.003970780877135447, 0.02762861869891553, -0.027506031772375095]

Wartosci wyjsciowe: [0.003970780877135447, 0.9723713813010845, 0.027506031772375095]
Wagi: [[-0.33204469553210186, -0.6575891021764728, -2.6543241685903407, -3.102871497566758, 8.291920134219525], [0.08459305134929335, 0.6265635248793888, -5.852597436873856, 2.775089293430459, -6.432812231319357], [0.42100243502942125, -2.4268657398004034, 5.851436126748714, -0.2168393288899936, -3.0390162605335753]]

Warstwa ukryta (nr 0)
Wartosci wyjsciowe: [0.0003834277753611246, 0.9999259802138976, 4.359653830571846e-21, 0.9991750961903907, 0.0003461498054684187]
Wagi: [[-0.68233110601214, -0.894286092876439, -0.43191409519998164, -0.9239248948393831], [1.33355053299099, 0.44214035468246593, 0.49979447949037786, -0.34573705902837415], [-23.46829811089435, -22.115812962609176, 35.294475012913274, 39.05281382664037], [-0.09479421492179795, -2.0095786725541678, 3.1431640226225603, 0.8603868159324649], [0.11181800743244923, 2.613155505222095, -3.7980254864283274, -1.5456938113983052]]


Log: 9
Wzorzec wejsciowy: [7.7, 2.8, 6.7, 2.0]
Oczekiwana odpowiedz: [0, 0, 1]
Blad calkowity: 0.008504201652234063
Bledy na wyjsciach: [-0.0002788687126531489, -0.09219009417314789, 0.09224593255561653]

Wartosci wyjsciowe: [0.0002788687126531489, 0.09219009417314789, 0.9077540674443835]
Wagi: [[-0.33204469553210186, -0.6575891021764728, -2.6543241685903407, -3.102871497566758, 8.291920134219525], [0.08459305134929335, 0.6265635248793888, -5.852597436873856, 2.775089293430459, -6.432812231319357], [0.42100243502942125, -2.4268657398004034, 5.851436126748714, -0.2168393288899936, -3.0390162605335753]]

Warstwa ukryta (nr 0)
Wartosci wyjsciowe: [7.437993966428063e-06, 0.9999989429336776, 0.999999999999919, 0.999999884796269, 5.159484163740197e-09]
Wagi: [[-0.68233110601214, -0.894286092876439, -0.43191409519998164, -0.9239248948393831], [1.33355053299099, 0.44214035468246593, 0.49979447949037786, -0.34573705902837415], [-23.46829811089435, -22.115812962609176, 35.294475012913274, 39.05281382664037], [-0.09479421492179795, -2.0095786725541678, 3.1431640226225603, 0.8603868159324649], [0.11181800743244923, 2.613155505222095, -3.7980254864283274, -1.5456938113983052]]


Log: 10
Wzorzec wejsciowy: [6.5, 3.2, 5.1, 2.0]
Oczekiwana odpowiedz: [0, 0, 1]
Blad calkowity: 0.9454584153105778
Bledy na wyjsciach: [-0.003940892503006559, -0.9723479044325313, 0.9723378285005169]

Wartosci wyjsciowe: [0.003940892503006559, 0.9723479044325313, 0.027662171499483145]
Wagi: [[-0.33204469553210186, -0.6575891021764728, -2.6543241685903407, -3.102871497566758, 8.291920134219525], [0.08459305134929335, 0.6265635248793888, -5.852597436873856, 2.775089293430459, -6.432812231319357], [0.42100243502942125, -2.4268657398004034, 5.851436126748714, -0.2168393288899936, -3.0390162605335753]]

Warstwa ukryta (nr 0)
Wartosci wyjsciowe: [2.3540692602286627e-05, 0.9999902373448245, 0.0008997505757221794, 0.9999649052087101, 5.590099651465897e-06]
Wagi: [[-0.68233110601214, -0.894286092876439, -0.43191409519998164, -0.9239248948393831], [1.33355053299099, 0.44214035468246593, 0.49979447949037786, -0.34573705902837415], [-23.46829811089435, -22.115812962609176, 35.294475012913274, 39.05281382664037], [-0.09479421492179795, -2.0095786725541678, 3.1431640226225603, 0.8603868159324649], [0.11181800743244923, 2.613155505222095, -3.7980254864283274, -1.5456938113983052]]


Log: 11
Wzorzec wejsciowy: [7.7, 2.6, 6.9, 2.3]
Oczekiwana odpowiedz: [0, 0, 1]
Blad calkowity: 0.008504204543560826
Bledy na wyjsciach: [-0.00027886876545546343, -0.09219010161338982, 0.09224595646339284]

Wartosci wyjsciowe: [0.00027886876545546343, 0.09219010161338982, 0.9077540435366072]
Wagi: [[-0.33204469553210186, -0.6575891021764728, -2.6543241685903407, -3.102871497566758, 8.291920134219525], [0.08459305134929335, 0.6265635248793888, -5.852597436873856, 2.775089293430459, -6.432812231319357], [0.42100243502942125, -2.4268657398004034, 5.851436126748714, -0.2168393288899936, -3.0390162605335753]]

Warstwa ukryta (nr 0)
Wartosci wyjsciowe: [6.183592231388869e-06, 0.9999988408492309, 1.0, 0.9999999682453987, 9.002275347141691e-10]
Wagi: [[-0.68233110601214, -0.894286092876439, -0.43191409519998164, -0.9239248948393831], [1.33355053299099, 0.44214035468246593, 0.49979447949037786, -0.34573705902837415], [-23.46829811089435, -22.115812962609176, 35.294475012913274, 39.05281382664037], [-0.09479421492179795, -2.0095786725541678, 3.1431640226225603, 0.8603868159324649], [0.11181800743244923, 2.613155505222095, -3.7980254864283274, -1.5456938113983052]]


Log: 12
Wzorzec wejsciowy: [6.1, 3.0, 4.9, 1.8]
Oczekiwana odpowiedz: [0, 0, 1]
Blad calkowity: 0.9456355192170636
Bledy na wyjsciach: [-0.003947314094332104, -0.9724383519964391, 0.9724294877840848]

Wartosci wyjsciowe: [0.003947314094332104, 0.9724383519964391, 0.02757051221591521]
Wagi: [[-0.33204469553210186, -0.6575891021764728, -2.6543241685903407, -3.102871497566758, 8.291920134219525], [0.08459305134929335, 0.6265635248793888, -5.852597436873856, 2.775089293430459, -6.432812231319357], [0.42100243502942125, -2.4268657398004034, 5.851436126748714, -0.2168393288899936, -3.0390162605335753]]

Warstwa ukryta (nr 0)
Wartosci wyjsciowe: [4.850481239816063e-05, 0.9999812495980326, 0.0003122267029378994, 0.9999496542493799, 9.229261459629965e-06]
Wagi: [[-0.68233110601214, -0.894286092876439, -0.43191409519998164, -0.9239248948393831], [1.33355053299099, 0.44214035468246593, 0.49979447949037786, -0.34573705902837415], [-23.46829811089435, -22.115812962609176, 35.294475012913274, 39.05281382664037], [-0.09479421492179795, -2.0095786725541678, 3.1431640226225603, 0.8603868159324649], [0.11181800743244923, 2.613155505222095, -3.7980254864283274, -1.5456938113983052]]


Log: 13
Wzorzec wejsciowy: [4.5, 2.3, 1.3, 0.3]
Oczekiwana odpowiedz: [1, 0, 0]
Blad calkowity: 0.00014108386869283353
Bledy na wyjsciach: [0.011868285074672191, -0.011706568354251564, -0.002065866437893834]

Wartosci wyjsciowe: [0.9881317149253278, 0.011706568354251564, 0.002065866437893834]
Wagi: [[-0.33204469553210186, -0.6575891021764728, -2.6543241685903407, -3.102871497566758, 8.291920134219525], [0.08459305134929335, 0.6265635248793888, -5.852597436873856, 2.775089293430459, -6.432812231319357], [0.42100243502942125, -2.4268657398004034, 5.851436126748714, -0.2168393288899936, -3.0390162605335753]]

Warstwa ukryta (nr 0)
Wartosci wyjsciowe: [0.005090423049473388, 0.9992238923996727, 8.003046517427076e-62, 0.2402975496065245, 0.916076369093574]
Wagi: [[-0.68233110601214, -0.894286092876439, -0.43191409519998164, -0.9239248948393831], [1.33355053299099, 0.44214035468246593, 0.49979447949037786, -0.34573705902837415], [-23.46829811089435, -22.115812962609176, 35.294475012913274, 39.05281382664037], [-0.09479421492179795, -2.0095786725541678, 3.1431640226225603, 0.8603868159324649], [0.11181800743244923, 2.613155505222095, -3.7980254864283274, -1.5456938113983052]]


Log: 14
Wzorzec wejsciowy: [6.7, 3.1, 4.7, 1.5]
Oczekiwana odpowiedz: [0, 1, 0]
Blad calkowity: 0.0007653039249486343
Bledy na wyjsciach: [-0.003952990884650687, 0.027526462343108182, -0.027518640661133402]

Wartosci wyjsciowe: [0.003952990884650687, 0.9724735376568918, 0.027518640661133402]
Wagi: [[-0.33204469553210186, -0.6575891021764728, -2.6543241685903407, -3.102871497566758, 8.291920134219525], [0.08459305134929335, 0.6265635248793888, -5.852597436873856, 2.775089293430459, -6.432812231319357], [0.42100243502942125, -2.4268657398004034, 5.851436126748714, -0.2168393288899936, -3.0390162605335753]]

Warstwa ukryta (nr 0)
Wartosci wyjsciowe: [4.2368373209733996e-05, 0.9999919705234869, 1.8410732818936042e-19, 0.9998418743969534, 4.355673309418715e-05]
Wagi: [[-0.68233110601214, -0.894286092876439, -0.43191409519998164, -0.9239248948393831], [1.33355053299099, 0.44214035468246593, 0.49979447949037786, -0.34573705902837415], [-23.46829811089435, -22.115812962609176, 35.294475012913274, 39.05281382664037], [-0.09479421492179795, -2.0095786725541678, 3.1431640226225603, 0.8603868159324649], [0.11181800743244923, 2.613155505222095, -3.7980254864283274, -1.5456938113983052]]


Log: 15
Wzorzec wejsciowy: [6.1, 3.0, 4.6, 1.4]
Oczekiwana odpowiedz: [0, 1, 0]
Blad calkowity: 0.0007654185219397702
Bledy na wyjsciach: [-0.003953591270296608, 0.027530075374256335, -0.027519104451902855]

Wartosci wyjsciowe: [0.003953591270296608, 0.9724699246257437, 0.027519104451902855]
Wagi: [[-0.33204469553210186, -0.6575891021764728, -2.6543241685903407, -3.102871497566758, 8.291920134219525], [0.08459305134929335, 0.6265635248793888, -5.852597436873856, 2.775089293430459, -6.432812231319357], [0.42100243502942125, -2.4268657398004034, 5.851436126748714, -0.2168393288899936, -3.0390162605335753]]

Warstwa ukryta (nr 0)
Wartosci wyjsciowe: [7.989999634450537e-05, 0.9999810300055554, 1.2941312411958393e-15, 0.9998176576179316, 5.351809978180008e-05]
Wagi: [[-0.68233110601214, -0.894286092876439, -0.43191409519998164, -0.9239248948393831], [1.33355053299099, 0.44214035468246593, 0.49979447949037786, -0.34573705902837415], [-23.46829811089435, -22.115812962609176, 35.294475012913274, 39.05281382664037], [-0.09479421492179795, -2.0095786725541678, 3.1431640226225603, 0.8603868159324649], [0.11181800743244923, 2.613155505222095, -3.7980254864283274, -1.5456938113983052]]


Log: 16
Wzorzec wejsciowy: [4.7, 3.2, 1.6, 0.2]
Oczekiwana odpowiedz: [1, 0, 0]
Blad calkowity: 2.7769765798330315e-05
Bledy na wyjsciach: [0.004739431358225632, -0.005475471131617115, -0.0017596982366746197]

Wartosci wyjsciowe: [0.9952605686417744, 0.005475471131617115, 0.0017596982366746197]
Wagi: [[-0.33204469553210186, -0.6575891021764728, -2.6543241685903407, -3.102871497566758, 8.291920134219525], [0.08459305134929335, 0.6265635248793888, -5.852597436873856, 2.775089293430459, -6.432812231319357], [0.42100243502942125, -2.4268657398004034, 5.851436126748714, -0.2168393288899936, -3.0390162605335753]]

Warstwa ukryta (nr 0)
Wartosci wyjsciowe: [0.0019194479679531752, 0.9996678499253354, 1.3272216436414206e-69, 0.1070037958045816, 0.9776769123296792]
Wagi: [[-0.68233110601214, -0.894286092876439, -0.43191409519998164, -0.9239248948393831], [1.33355053299099, 0.44214035468246593, 0.49979447949037786, -0.34573705902837415], [-23.46829811089435, -22.115812962609176, 35.294475012913274, 39.05281382664037], [-0.09479421492179795, -2.0095786725541678, 3.1431640226225603, 0.8603868159324649], [0.11181800743244923, 2.613155505222095, -3.7980254864283274, -1.5456938113983052]]


Log: 17
Wzorzec wejsciowy: [5.6, 2.5, 3.9, 1.1]
Oczekiwana odpowiedz: [0, 1, 0]
Blad calkowity: 0.0007675155259067269
Bledy na wyjsciach: [-0.0039686811114806805, 0.027616378064833635, -0.027506658914324834]

Wartosci wyjsciowe: [0.0039686811114806805, 0.9723836219351664, 0.027506658914324834]
Wagi: [[-0.33204469553210186, -0.6575891021764728, -2.6543241685903407, -3.102871497566758, 8.291920134219525], [0.08459305134929335, 0.6265635248793888, -5.852597436873856, 2.775089293430459, -6.432812231319357], [0.42100243502942125, -2.4268657398004034, 5.851436126748714, -0.2168393288899936, -3.0390162605335753]]

Warstwa ukryta (nr 0)
Wartosci wyjsciowe: [0.0003136782933536998, 0.9999410435541802, 1.5580406706305248e-21, 0.9992564254241212, 0.0003109405289363516]
Wagi: [[-0.68233110601214, -0.894286092876439, -0.43191409519998164, -0.9239248948393831], [1.33355053299099, 0.44214035468246593, 0.49979447949037786, -0.34573705902837415], [-23.46829811089435, -22.115812962609176, 35.294475012913274, 39.05281382664037], [-0.09479421492179795, -2.0095786725541678, 3.1431640226225603, 0.8603868159324649], [0.11181800743244923, 2.613155505222095, -3.7980254864283274, -1.5456938113983052]]


Log: 18
Wzorzec wejsciowy: [5.0, 3.6, 1.4, 0.2]
Oczekiwana odpowiedz: [1, 0, 0]
Blad calkowity: 1.4043196721848275e-05
Bledy na wyjsciach: [0.003171342343527117, -0.0038949697083994783, -0.001690618867308348]

Wartosci wyjsciowe: [0.9968286576564729, 0.0038949697083994783, 0.001690618867308348]
Wagi: [[-0.33204469553210186, -0.6575891021764728, -2.6543241685903407, -3.102871497566758, 8.291920134219525], [0.08459305134929335, 0.6265635248793888, -5.852597436873856, 2.775089293430459, -6.432812231319357], [0.42100243502942125, -2.4268657398004034, 5.851436126748714, -0.2168393288899936, -3.0390162605335753]]

Warstwa ukryta (nr 0)
Wartosci wyjsciowe: [0.0011933135631728763, 0.9997938198096622, 1.4379652256329113e-79, 0.02705066134678753, 0.9963811389225448]
Wagi: [[-0.68233110601214, -0.894286092876439, -0.43191409519998164, -0.9239248948393831], [1.33355053299099, 0.44214035468246593, 0.49979447949037786, -0.34573705902837415], [-23.46829811089435, -22.115812962609176, 35.294475012913274, 39.05281382664037], [-0.09479421492179795, -2.0095786725541678, 3.1431640226225603, 0.8603868159324649], [0.11181800743244923, 2.613155505222095, -3.7980254864283274, -1.5456938113983052]]


Log: 19
Wzorzec wejsciowy: [5.6, 3.0, 4.1, 1.3]
Oczekiwana odpowiedz: [0, 1, 0]
Blad calkowity: 0.0007680513276204422
Bledy na wyjsciach: [-0.003973659349700961, 0.027643485103598375, -0.02749818935749322]

Wartosci wyjsciowe: [0.003973659349700961, 0.9723565148964016, 0.02749818935749322]
Wagi: [[-0.33204469553210186, -0.6575891021764728, -2.6543241685903407, -3.102871497566758, 8.291920134219525], [0.08459305134929335, 0.6265635248793888, -5.852597436873856, 2.775089293430459, -6.432812231319357], [0.42100243502942125, -2.4268657398004034, 5.851436126748714, -0.2168393288899936, -3.0390162605335753]]

Warstwa ukryta (nr 0)
Wartosci wyjsciowe: [0.00015296632854005417, 0.9999541703880677, 7.045543188702631e-20, 0.9990882371661401, 0.0003943946580279749]
Wagi: [[-0.68233110601214, -0.894286092876439, -0.43191409519998164, -0.9239248948393831], [1.33355053299099, 0.44214035468246593, 0.49979447949037786, -0.34573705902837415], [-23.46829811089435, -22.115812962609176, 35.294475012913274, 39.05281382664037], [-0.09479421492179795, -2.0095786725541678, 3.1431640226225603, 0.8603868159324649], [0.11181800743244923, 2.613155505222095, -3.7980254864283274, -1.5456938113983052]]


Log: 20
Wzorzec wejsciowy: [5.7, 2.5, 5.0, 2.0]
Oczekiwana odpowiedz: [0, 0, 1]
Blad calkowity: 0.00850280092114616
Bledy na wyjsciach: [-0.0002788814158128389, -0.0921853768108925, 0.09223546156268747]

Wartosci wyjsciowe: [0.0002788814158128389, 0.0921853768108925, 0.9077645384373125]
Wagi: [[-0.33204469553210186, -0.6575891021764728, -2.6543241685903407, -3.102871497566758, 8.291920134219525], [0.08459305134929335, 0.6265635248793888, -5.852597436873856, 2.775089293430459, -6.432812231319357], [0.42100243502942125, -2.4268657398004034, 5.851436126748714, -0.2168393288899936, -3.0390162605335753]]

Warstwa ukryta (nr 0)
Wartosci wyjsciowe: [7.933911669039779e-05, 0.9999593559826468, 0.9999999999497378, 0.9999890881116832, 1.1997831031942477e-06]
Wagi: [[-0.68233110601214, -0.894286092876439, -0.43191409519998164, -0.9239248948393831], [1.33355053299099, 0.44214035468246593, 0.49979447949037786, -0.34573705902837415], [-23.46829811089435, -22.115812962609176, 35.294475012913274, 39.05281382664037], [-0.09479421492179795, -2.0095786725541678, 3.1431640226225603, 0.8603868159324649], [0.11181800743244923, 2.613155505222095, -3.7980254864283274, -1.5456938113983052]]


Log: 21
Wzorzec wejsciowy: [5.5, 3.5, 1.3, 0.2]
Oczekiwana odpowiedz: [1, 0, 0]
Blad calkowity: 1.3655380613867257e-05
Bledy na wyjsciach: [0.0031181168631783107, -0.0038388604185355295, -0.0016885671861962689]

Wartosci wyjsciowe: [0.9968818831368217, 0.0038388604185355295, 0.0016885671861962689]
Wagi: [[-0.33204469553210186, -0.6575891021764728, -2.6543241685903407, -3.102871497566758, 8.291920134219525], [0.08459305134929335, 0.6265635248793888, -5.852597436873856, 2.775089293430459, -6.432812231319357], [0.42100243502942125, -2.4268657398004034, 5.851436126748714, -0.2168393288899936, -3.0390162605335753]]

Warstwa ukryta (nr 0)
Wartosci wyjsciowe: [0.0009689067159978609, 0.9998836900513931, 3.0855328769842373e-85, 0.023126541058380124, 0.996958524771962]
Wagi: [[-0.68233110601214, -0.894286092876439, -0.43191409519998164, -0.9239248948393831], [1.33355053299099, 0.44214035468246593, 0.49979447949037786, -0.34573705902837415], [-23.46829811089435, -22.115812962609176, 35.294475012913274, 39.05281382664037], [-0.09479421492179795, -2.0095786725541678, 3.1431640226225603, 0.8603868159324649], [0.11181800743244923, 2.613155505222095, -3.7980254864283274, -1.5456938113983052]]


Log: 22
Wzorzec wejsciowy: [5.1, 3.8, 1.5, 0.3]
Oczekiwana odpowiedz: [1, 0, 0]
Blad calkowity: 1.4020857848185922e-05
Bledy na wyjsciach: [0.003168253910846075, -0.0038918904847619904, -0.0016902873446250127]

Wartosci wyjsciowe: [0.9968317460891539, 0.0038918904847619904, 0.0016902873446250127]
Wagi: [[-0.33204469553210186, -0.6575891021764728, -2.6543241685903407, -3.102871497566758, 8.291920134219525], [0.08459305134929335, 0.6265635248793888, -5.852597436873856, 2.775089293430459, -6.432812231319357], [0.42100243502942125, -2.4268657398004034, 5.851436126748714, -0.2168393288899936, -3.0390162605335753]]

Warstwa ukryta (nr 0)
Wartosci wyjsciowe: [0.00081419060667388, 0.9998373492656148, 2.795373018451685e-79, 0.026761610720582137, 0.9963791226395622]
Wagi: [[-0.68233110601214, -0.894286092876439, -0.43191409519998164, -0.9239248948393831], [1.33355053299099, 0.44214035468246593, 0.49979447949037786, -0.34573705902837415], [-23.46829811089435, -22.115812962609176, 35.294475012913274, 39.05281382664037], [-0.09479421492179795, -2.0095786725541678, 3.1431640226225603, 0.8603868159324649], [0.11181800743244923, 2.613155505222095, -3.7980254864283274, -1.5456938113983052]]


Log: 23
Wzorzec wejsciowy: [5.8, 2.7, 5.1, 1.9]
Oczekiwana odpowiedz: [0, 0, 1]
Blad calkowity: 0.008503034565040847
Bledy na wyjsciach: [-0.0002788837150598281, -0.0921851267721433, 0.09223824454074914]

Wartosci wyjsciowe: [0.0002788837150598281, 0.0921851267721433, 0.9077617554592509]
Wagi: [[-0.33204469553210186, -0.6575891021764728, -2.6543241685903407, -3.102871497566758, 8.291920134219525], [0.08459305134929335, 0.6265635248793888, -5.852597436873856, 2.775089293430459, -6.432812231319357], [0.42100243502942125, -2.4268657398004034, 5.851436126748714, -0.2168393288899936, -3.0390162605335753]]

Warstwa ukryta (nr 0)
Wartosci wyjsciowe: [6.509555564241787e-05, 0.999970080031601, 0.9999999362273247, 0.9999868953371622, 1.633492063880305e-06]
Wagi: [[-0.68233110601214, -0.894286092876439, -0.43191409519998164, -0.9239248948393831], [1.33355053299099, 0.44214035468246593, 0.49979447949037786, -0.34573705902837415], [-23.46829811089435, -22.115812962609176, 35.294475012913274, 39.05281382664037], [-0.09479421492179795, -2.0095786725541678, 3.1431640226225603, 0.8603868159324649], [0.11181800743244923, 2.613155505222095, -3.7980254864283274, -1.5456938113983052]]


Log: 24
Wzorzec wejsciowy: [6.1, 2.8, 4.7, 1.2]
Oczekiwana odpowiedz: [0, 1, 0]
Blad calkowity: 0.0007651891949734164
Bledy na wyjsciach: [-0.003951833781440629, 0.027520190018685997, -0.027520910977765854]

Wartosci wyjsciowe: [0.003951833781440629, 0.972479809981314, 0.027520910977765854]
Wagi: [[-0.33204469553210186, -0.6575891021764728, -2.6543241685903407, -3.102871497566758, 8.291920134219525], [0.08459305134929335, 0.6265635248793888, -5.852597436873856, 2.775089293430459, -6.432812231319357], [0.42100243502942125, -2.4268657398004034, 5.851436126748714, -0.2168393288899936, -3.0390162605335753]]

Warstwa ukryta (nr 0)
Wartosci wyjsciowe: [0.00011007879344124798, 0.9999816035028212, 1.4916560448948206e-15, 0.9998941727664197, 2.9569664043063467e-05]
Wagi: [[-0.68233110601214, -0.894286092876439, -0.43191409519998164, -0.9239248948393831], [1.33355053299099, 0.44214035468246593, 0.49979447949037786, -0.34573705902837415], [-23.46829811089435, -22.115812962609176, 35.294475012913274, 39.05281382664037], [-0.09479421492179795, -2.0095786725541678, 3.1431640226225603, 0.8603868159324649], [0.11181800743244923, 2.613155505222095, -3.7980254864283274, -1.5456938113983052]]


Log: 25
Wzorzec wejsciowy: [4.9, 3.0, 1.4, 0.2]
Oczekiwana odpowiedz: [1, 0, 0]
Blad calkowity: 2.3081313475644698e-05
Bledy na wyjsciach: [0.004258121532664916, -0.004999907812951684, -0.001741249501458504]

Wartosci wyjsciowe: [0.9957418784673351, 0.004999907812951684, 0.001741249501458504]
Wagi: [[-0.33204469553210186, -0.6575891021764728, -2.6543241685903407, -3.102871497566758, 8.291920134219525], [0.08459305134929335, 0.6265635248793888, -5.852597436873856, 2.775089293430459, -6.432812231319357], [0.42100243502942125, -2.4268657398004034, 5.851436126748714, -0.2168393288899936, -3.0390162605335753]]

Warstwa ukryta (nr 0)
Wartosci wyjsciowe: [0.002182667350296015, 0.9996928645726395, 8.706206022215717e-73, 0.08569310378844186, 0.982688061616511]
Wagi: [[-0.68233110601214, -0.894286092876439, -0.43191409519998164, -0.9239248948393831], [1.33355053299099, 0.44214035468246593, 0.49979447949037786, -0.34573705902837415], [-23.46829811089435, -22.115812962609176, 35.294475012913274, 39.05281382664037], [-0.09479421492179795, -2.0095786725541678, 3.1431640226225603, 0.8603868159324649], [0.11181800743244923, 2.613155505222095, -3.7980254864283274, -1.5456938113983052]]


Log: 26
Wzorzec wejsciowy: [5.8, 4.0, 1.2, 0.2]
Oczekiwana odpowiedz: [1, 0, 0]
Blad calkowity: 1.210725644072636e-05
Bledy na wyjsciach: [0.0028975330184062287, -0.0036043566011483654, -0.0016814959947786406]

Wartosci wyjsciowe: [0.9971024669815938, 0.0036043566011483654, 0.0016814959947786406]
Wagi: [[-0.33204469553210186, -0.6575891021764728, -2.6543241685903407, -3.102871497566758, 8.291920134219525], [0.08459305134929335, 0.6265635248793888, -5.852597436873856, 2.775089293430459, -6.432812231319357], [0.42100243502942125, -2.4268657398004034, 5.851436126748714, -0.2168393288899936, -3.0390162605335753]]

Warstwa ukryta (nr 0)
Wartosci wyjsciowe: [0.0005273999649889855, 0.9999342964261717, 1.2487546755059896e-94, 0.0061147358215159365, 0.9994539709511632]
Wagi: [[-0.68233110601214, -0.894286092876439, -0.43191409519998164, -0.9239248948393831], [1.33355053299099, 0.44214035468246593, 0.49979447949037786, -0.34573705902837415], [-23.46829811089435, -22.115812962609176, 35.294475012913274, 39.05281382664037], [-0.09479421492179795, -2.0095786725541678, 3.1431640226225603, 0.8603868159324649], [0.11181800743244923, 2.613155505222095, -3.7980254864283274, -1.5456938113983052]]


Log: 27
Wzorzec wejsciowy: [7.7, 3.0, 6.1, 2.3]
Oczekiwana odpowiedz: [0, 0, 1]
Blad calkowity: 0.008504184872925029
Bledy na wyjsciach: [-0.00027886974230325603, -0.09218990386959144, 0.09224594084311988]

Wartosci wyjsciowe: [0.00027886974230325603, 0.09218990386959144, 0.9077540591568801]
Wagi: [[-0.33204469553210186, -0.6575891021764728, -2.6543241685903407, -3.102871497566758, 8.291920134219525], [0.08459305134929335, 0.6265635248793888, -5.852597436873856, 2.775089293430459, -6.432812231319357], [0.42100243502942125, -2.4268657398004034, 5.851436126748714, -0.2168393288899936, -3.0390162605335753]]

Warstwa ukryta (nr 0)
Wartosci wyjsciowe: [6.108714044614829e-06, 0.9999985512997231, 0.9999999131454791, 0.9999991230942862, 5.3440816473304226e-08]
Wagi: [[-0.68233110601214, -0.894286092876439, -0.43191409519998164, -0.9239248948393831], [1.33355053299099, 0.44214035468246593, 0.49979447949037786, -0.34573705902837415], [-23.46829811089435, -22.115812962609176, 35.294475012913274, 39.05281382664037], [-0.09479421492179795, -2.0095786725541678, 3.1431640226225603, 0.8603868159324649], [0.11181800743244923, 2.613155505222095, -3.7980254864283274, -1.5456938113983052]]


Log: 28
Wzorzec wejsciowy: [5.0, 3.5, 1.3, 0.3]
Oczekiwana odpowiedz: [1, 0, 0]
Blad calkowity: 1.4016883253850514e-05
Bledy na wyjsciach: [0.003167846386861295, -0.003890582958680864, -0.0016917092003571191]

Wartosci wyjsciowe: [0.9968321536131387, 0.003890582958680864, 0.0016917092003571191]
Wagi: [[-0.33204469553210186, -0.6575891021764728, -2.6543241685903407, -3.102871497566758, 8.291920134219525], [0.08459305134929335, 0.6265635248793888, -5.852597436873856, 2.775089293430459, -6.432812231319357], [0.42100243502942125, -2.4268657398004034, 5.851436126748714, -0.2168393288899936, -3.0390162605335753]]

Warstwa ukryta (nr 0)
Wartosci wyjsciowe: [0.0012422353921944483, 0.9997654920821393, 1.9118266784865807e-78, 0.026340847809341792, 0.9962486762142778]
Wagi: [[-0.68233110601214, -0.894286092876439, -0.43191409519998164, -0.9239248948393831], [1.33355053299099, 0.44214035468246593, 0.49979447949037786, -0.34573705902837415], [-23.46829811089435, -22.115812962609176, 35.294475012913274, 39.05281382664037], [-0.09479421492179795, -2.0095786725541678, 3.1431640226225603, 0.8603868159324649], [0.11181800743244923, 2.613155505222095, -3.7980254864283274, -1.5456938113983052]]


Log: 29
Wzorzec wejsciowy: [6.3, 2.8, 5.1, 1.5]
Oczekiwana odpowiedz: [0, 0, 1]
Blad calkowity: 0.9457329018710285
Bledy na wyjsciach: [-0.0039500275739470965, -0.9724899106483792, 0.9724780587300309]

Wartosci wyjsciowe: [0.0039500275739470965, 0.9724899106483792, 0.027521941269969083]
Wagi: [[-0.33204469553210186, -0.6575891021764728, -2.6543241685903407, -3.102871497566758, 8.291920134219525], [0.08459305134929335, 0.6265635248793888, -5.852597436873856, 2.775089293430459, -6.432812231319357], [0.42100243502942125, -2.4268657398004034, 5.851436126748714, -0.2168393288899936, -3.0390162605335753]]

Warstwa ukryta (nr 0)
Wartosci wyjsciowe: [6.124216521942902e-05, 0.9999872023815622, 2.2627782524624504e-06, 0.9999763001856581, 4.162932038879342e-06]
Wagi: [[-0.68233110601214, -0.894286092876439, -0.43191409519998164, -0.9239248948393831], [1.33355053299099, 0.44214035468246593, 0.49979447949037786, -0.34573705902837415], [-23.46829811089435, -22.115812962609176, 35.294475012913274, 39.05281382664037], [-0.09479421492179795, -2.0095786725541678, 3.1431640226225603, 0.8603868159324649], [0.11181800743244923, 2.613155505222095, -3.7980254864283274, -1.5456938113983052]]


Log: 30
Wzorzec wejsciowy: [4.3, 3.0, 1.1, 0.1]
Oczekiwana odpowiedz: [1, 0, 0]
Blad calkowity: 1.4889370705878986e-05
Bledy na wyjsciach: [0.0032855954616651806, -0.0040116116009153956, -0.001700169473153826]

Wartosci wyjsciowe: [0.9967144045383348, 0.0040116116009153956, 0.001700169473153826]
Wagi: [[-0.33204469553210186, -0.6575891021764728, -2.6543241685903407, -3.102871497566758, 8.291920134219525], [0.08459305134929335, 0.6265635248793888, -5.852597436873856, 2.775089293430459, -6.432812231319357], [0.42100243502942125, -2.4268657398004034, 5.851436126748714, -0.2168393288899936, -3.0390162605335753]]

Warstwa ukryta (nr 0)
Wartosci wyjsciowe: [0.004095929916361476, 0.9992331250479214, 5.762613400893119e-73, 0.034240512910184775, 0.994861189647938]
Wagi: [[-0.68233110601214, -0.894286092876439, -0.43191409519998164, -0.9239248948393831], [1.33355053299099, 0.44214035468246593, 0.49979447949037786, -0.34573705902837415], [-23.46829811089435, -22.115812962609176, 35.294475012913274, 39.05281382664037], [-0.09479421492179795, -2.0095786725541678, 3.1431640226225603, 0.8603868159324649], [0.11181800743244923, 2.613155505222095, -3.7980254864283274, -1.5456938113983052]]


Log: 31
Wzorzec wejsciowy: [5.2, 2.7, 3.9, 1.4]
Oczekiwana odpowiedz: [0, 1, 0]
Blad calkowity: 0.0007678002241991303
Bledy na wyjsciach: [-0.003970025700278262, 0.02762417502635306, -0.027508985776484068]

Wartosci wyjsciowe: [0.003970025700278262, 0.9723758249736469, 0.027508985776484068]
Wagi: [[-0.33204469553210186, -0.6575891021764728, -2.6543241685903407, -3.102871497566758, 8.291920134219525], [0.08459305134929335, 0.6265635248793888, -5.852597436873856, 2.775089293430459, -6.432812231319357], [0.42100243502942125, -2.4268657398004034, 5.851436126748714, -0.2168393288899936, -3.0390162605335753]]

Warstwa ukryta (nr 0)
Wartosci wyjsciowe: [0.0002612082959233256, 0.99989794936342, 2.7328204298046632e-14, 0.9991734437099086, 0.00031538464141165257]
Wagi: [[-0.68233110601214, -0.894286092876439, -0.43191409519998164, -0.9239248948393831], [1.33355053299099, 0.44214035468246593, 0.49979447949037786, -0.34573705902837415], [-23.46829811089435, -22.115812962609176, 35.294475012913274, 39.05281382664037], [-0.09479421492179795, -2.0095786725541678, 3.1431640226225603, 0.8603868159324649], [0.11181800743244923, 2.613155505222095, -3.7980254864283274, -1.5456938113983052]]


Log: 32
Wzorzec wejsciowy: [7.1, 3.0, 5.9, 2.1]
Oczekiwana odpowiedz: [0, 0, 1]
Blad calkowity: 0.008504109798002694
Bledy na wyjsciach: [-0.0002788706624397467, -0.09218962427124384, 0.09224540641075796]

Wartosci wyjsciowe: [0.0002788706624397467, 0.09218962427124384, 0.907754593589242]
Wagi: [[-0.33204469553210186, -0.6575891021764728, -2.6543241685903407, -3.102871497566758, 8.291920134219525], [0.08459305134929335, 0.6265635248793888, -5.852597436873856, 2.775089293430459, -6.432812231319357], [0.42100243502942125, -2.4268657398004034, 5.851436126748714, -0.2168393288899936, -3.0390162605335753]]

Warstwa ukryta (nr 0)
Wartosci wyjsciowe: [1.2064615015435804e-05, 0.9999966745442885, 0.999999808915958, 0.9999981550044449, 1.4550752019554151e-07]
Wagi: [[-0.68233110601214, -0.894286092876439, -0.43191409519998164, -0.9239248948393831], [1.33355053299099, 0.44214035468246593, 0.49979447949037786, -0.34573705902837415], [-23.46829811089435, -22.115812962609176, 35.294475012913274, 39.05281382664037], [-0.09479421492179795, -2.0095786725541678, 3.1431640226225603, 0.8603868159324649], [0.11181800743244923, 2.613155505222095, -3.7980254864283274, -1.5456938113983052]]


Log: 33
Wzorzec wejsciowy: [5.9, 3.0, 4.2, 1.5]
Oczekiwana odpowiedz: [0, 1, 0]
Blad calkowity: 0.0007667417850783015
Bledy na wyjsciach: [-0.003963372296139732, 0.027585668456443058, -0.02751010988727594]

Wartosci wyjsciowe: [0.003963372296139732, 0.9724143315435569, 0.02751010988727594]
Wagi: [[-0.33204469553210186, -0.6575891021764728, -2.6543241685903407, -3.102871497566758, 8.291920134219525], [0.08459305134929335, 0.6265635248793888, -5.852597436873856, 2.775089293430459, -6.432812231319357], [0.42100243502942125, -2.4268657398004034, 5.851436126748714, -0.2168393288899936, -3.0390162605335753]]

Warstwa ukryta (nr 0)
Wartosci wyjsciowe: [9.924542568187037e-05, 0.9999686865489381, 5.190063293937295e-18, 0.9994230477746614, 0.00020482291938099076]
Wagi: [[-0.68233110601214, -0.894286092876439, -0.43191409519998164, -0.9239248948393831], [1.33355053299099, 0.44214035468246593, 0.49979447949037786, -0.34573705902837415], [-23.46829811089435, -22.115812962609176, 35.294475012913274, 39.05281382664037], [-0.09479421492179795, -2.0095786725541678, 3.1431640226225603, 0.8603868159324649], [0.11181800743244923, 2.613155505222095, -3.7980254864283274, -1.5456938113983052]]


Log: 34
Wzorzec wejsciowy: [5.1, 2.5, 3.0, 1.1]
Oczekiwana odpowiedz: [0, 1, 0]
Blad calkowity: 0.0008220918276024803
Bledy na wyjsciach: [-0.004409067796147543, 0.030026267504813298, -0.0268917652098803]

Wartosci wyjsciowe: [0.004409067796147543, 0.9699737324951867, 0.0268917652098803]
Wagi: [[-0.33204469553210186, -0.6575891021764728, -2.6543241685903407, -3.102871497566758, 8.291920134219525], [0.08459305134929335, 0.6265635248793888, -5.852597436873856, 2.775089293430459, -6.432812231319357], [0.42100243502942125, -2.4268657398004034, 5.851436126748714, -0.2168393288899936, -3.0390162605335753]]

Warstwa ukryta (nr 0)
Wartosci wyjsciowe: [0.0006506156419188573, 0.9998199439576506, 3.113714642540142e-30, 0.9881305520739407, 0.008895416073077072]
Wagi: [[-0.68233110601214, -0.894286092876439, -0.43191409519998164, -0.9239248948393831], [1.33355053299099, 0.44214035468246593, 0.49979447949037786, -0.34573705902837415], [-23.46829811089435, -22.115812962609176, 35.294475012913274, 39.05281382664037], [-0.09479421492179795, -2.0095786725541678, 3.1431640226225603, 0.8603868159324649], [0.11181800743244923, 2.613155505222095, -3.7980254864283274, -1.5456938113983052]]


Log: 35
Wzorzec wejsciowy: [4.7, 3.2, 1.3, 0.2]
Oczekiwana odpowiedz: [1, 0, 0]
Blad calkowity: 1.6162380084987327e-05
Bledy na wyjsciach: [0.0034509258806871834, -0.0041846263507884455, -0.001704339473304839]

Wartosci wyjsciowe: [0.9965490741193128, 0.0041846263507884455, 0.001704339473304839]
Wagi: [[-0.33204469553210186, -0.6575891021764728, -2.6543241685903407, -3.102871497566758, 8.291920134219525], [0.08459305134929335, 0.6265635248793888, -5.852597436873856, 2.775089293430459, -6.432812231319357], [0.42100243502942125, -2.4268657398004034, 5.851436126748714, -0.2168393288899936, -3.0390162605335753]]

Warstwa ukryta (nr 0)
Wartosci wyjsciowe: [0.0021844112653490746, 0.9996141411940977, 3.3456825667863106e-74, 0.04458845446412042, 0.9927463142724796]
Wagi: [[-0.68233110601214, -0.894286092876439, -0.43191409519998164, -0.9239248948393831], [1.33355053299099, 0.44214035468246593, 0.49979447949037786, -0.34573705902837415], [-23.46829811089435, -22.115812962609176, 35.294475012913274, 39.05281382664037], [-0.09479421492179795, -2.0095786725541678, 3.1431640226225603, 0.8603868159324649], [0.11181800743244923, 2.613155505222095, -3.7980254864283274, -1.5456938113983052]]


Log: 36
Wzorzec wejsciowy: [5.8, 2.7, 4.1, 1.0]
Oczekiwana odpowiedz: [0, 1, 0]
Blad calkowity: 0.0007672025843885586
Bledy na wyjsciach: [-0.003967093337693246, 0.027606709760360726, -0.027505216149566084]

Wartosci wyjsciowe: [0.003967093337693246, 0.9723932902396393, 0.027505216149566084]
Wagi: [[-0.33204469553210186, -0.6575891021764728, -2.6543241685903407, -3.102871497566758, 8.291920134219525], [0.08459305134929335, 0.6265635248793888, -5.852597436873856, 2.775089293430459, -6.432812231319357], [0.42100243502942125, -2.4268657398004034, 5.851436126748714, -0.2168393288899936, -3.0390162605335753]]

Warstwa ukryta (nr 0)
Wartosci wyjsciowe: [0.00023024353702608228, 0.9999638690076075, 4.0067311554997436e-24, 0.999341585456016, 0.0002928260582650845]
Wagi: [[-0.68233110601214, -0.894286092876439, -0.43191409519998164, -0.9239248948393831], [1.33355053299099, 0.44214035468246593, 0.49979447949037786, -0.34573705902837415], [-23.46829811089435, -22.115812962609176, 35.294475012913274, 39.05281382664037], [-0.09479421492179795, -2.0095786725541678, 3.1431640226225603, 0.8603868159324649], [0.11181800743244923, 2.613155505222095, -3.7980254864283274, -1.5456938113983052]]


Log: 37
Wzorzec wejsciowy: [6.4, 2.7, 5.3, 1.9]
Oczekiwana odpowiedz: [0, 0, 1]
Blad calkowity: 0.008510128210580429
Bledy na wyjsciach: [-0.0002789288547798268, -0.09222263370764115, 0.09227764871235655]

Wartosci wyjsciowe: [0.0002789288547798268, 0.09222263370764115, 0.9077223512876434]
Wagi: [[-0.33204469553210186, -0.6575891021764728, -2.6543241685903407, -3.102871497566758, 8.291920134219525], [0.08459305134929335, 0.6265635248793888, -5.852597436873856, 2.775089293430459, -6.432812231319357], [0.42100243502942125, -2.4268657398004034, 5.851436126748714, -0.2168393288899936, -3.0390162605335753]]

Warstwa ukryta (nr 0)
Wartosci wyjsciowe: [3.965036846813379e-05, 0.9999878363178647, 0.9999285082565439, 0.9999926019419524, 8.172637711667685e-07]
Wagi: [[-0.68233110601214, -0.894286092876439, -0.43191409519998164, -0.9239248948393831], [1.33355053299099, 0.44214035468246593, 0.49979447949037786, -0.34573705902837415], [-23.46829811089435, -22.115812962609176, 35.294475012913274, 39.05281382664037], [-0.09479421492179795, -2.0095786725541678, 3.1431640226225603, 0.8603868159324649], [0.11181800743244923, 2.613155505222095, -3.7980254864283274, -1.5456938113983052]]


Log: 38
Wzorzec wejsciowy: [6.5, 3.0, 5.5, 1.8]
Oczekiwana odpowiedz: [0, 0, 1]
Blad calkowity: 0.01092157282796282
Bledy na wyjsciach: [-0.0002969859967541187, -0.10447591496056367, 0.10453631258274054]

Wartosci wyjsciowe: [0.0002969859967541187, 0.10447591496056367, 0.8954636874172595]
Wagi: [[-0.33204469553210186, -0.6575891021764728, -2.6543241685903407, -3.102871497566758, 8.291920134219525], [0.08459305134929335, 0.6265635248793888, -5.852597436873856, 2.775089293430459, -6.432812231319357], [0.42100243502942125, -2.4268657398004034, 5.851436126748714, -0.2168393288899936, -3.0390162605335753]]

Warstwa ukryta (nr 0)
Wartosci wyjsciowe: [2.84913955848644e-05, 0.9999918507256146, 0.9762907926492597, 0.9999920674392279, 9.883673705143152e-07]
Wagi: [[-0.68233110601214, -0.894286092876439, -0.43191409519998164, -0.9239248948393831], [1.33355053299099, 0.44214035468246593, 0.49979447949037786, -0.34573705902837415], [-23.46829811089435, -22.115812962609176, 35.294475012913274, 39.05281382664037], [-0.09479421492179795, -2.0095786725541678, 3.1431640226225603, 0.8603868159324649], [0.11181800743244923, 2.613155505222095, -3.7980254864283274, -1.5456938113983052]]


Log: 39
Wzorzec wejsciowy: [5.3, 3.7, 1.5, 0.2]
Oczekiwana odpowiedz: [1, 0, 0]
Blad calkowity: 1.4272956098700531e-05
Bledy na wyjsciach: [0.0032025058728415434, -0.0039282244358992075, -0.0016908344428183495]

Wartosci wyjsciowe: [0.9967974941271585, 0.0039282244358992075, 0.0016908344428183495]
Wagi: [[-0.33204469553210186, -0.6575891021764728, -2.6543241685903407, -3.102871497566758, 8.291920134219525], [0.08459305134929335, 0.6265635248793888, -5.852597436873856, 2.775089293430459, -6.432812231319357], [0.42100243502942125, -2.4268657398004034, 5.851436126748714, -0.2168393288899936, -3.0390162605335753]]

Warstwa ukryta (nr 0)
Wartosci wyjsciowe: [0.0008519361644475238, 0.9998742152311912, 4.7037550065442776e-82, 0.029377735356911655, 0.9960615778263898]
Wagi: [[-0.68233110601214, -0.894286092876439, -0.43191409519998164, -0.9239248948393831], [1.33355053299099, 0.44214035468246593, 0.49979447949037786, -0.34573705902837415], [-23.46829811089435, -22.115812962609176, 35.294475012913274, 39.05281382664037], [-0.09479421492179795, -2.0095786725541678, 3.1431640226225603, 0.8603868159324649], [0.11181800743244923, 2.613155505222095, -3.7980254864283274, -1.5456938113983052]]


Log: 40
Wzorzec wejsciowy: [5.4, 3.7, 1.5, 0.2]
Oczekiwana odpowiedz: [1, 0, 0]
Blad calkowity: 1.424456651007807e-05
Bledy na wyjsciach: [0.0031986614572518945, -0.003924226393304226, -0.0016906049556717356]

Wartosci wyjsciowe: [0.9968013385427481, 0.003924226393304226, 0.0016906049556717356]
Wagi: [[-0.33204469553210186, -0.6575891021764728, -2.6543241685903407, -3.102871497566758, 8.291920134219525], [0.08459305134929335, 0.6265635248793888, -5.852597436873856, 2.775089293430459, -6.432812231319357], [0.42100243502942125, -2.4268657398004034, 5.851436126748714, -0.2168393288899936, -3.0390162605335753]]

Warstwa ukryta (nr 0)
Wartosci wyjsciowe: [0.0007957894828148081, 0.9998899171886738, 4.500175559342524e-83, 0.029108635180367076, 0.9961052006114959]
Wagi: [[-0.68233110601214, -0.894286092876439, -0.43191409519998164, -0.9239248948393831], [1.33355053299099, 0.44214035468246593, 0.49979447949037786, -0.34573705902837415], [-23.46829811089435, -22.115812962609176, 35.294475012913274, 39.05281382664037], [-0.09479421492179795, -2.0095786725541678, 3.1431640226225603, 0.8603868159324649], [0.11181800743244923, 2.613155505222095, -3.7980254864283274, -1.5456938113983052]]


Log: 41
Wzorzec wejsciowy: [6.9, 3.1, 5.1, 2.3]
Oczekiwana odpowiedz: [0, 0, 1]
Blad calkowity: 0.9164140588083216
Bledy na wyjsciach: [-0.0032152759925985265, -0.9572992720776565, 0.9572856853084786]

Wartosci wyjsciowe: [0.0032152759925985265, 0.9572992720776565, 0.04271431469152143]
Wagi: [[-0.33204469553210186, -0.6575891021764728, -2.6543241685903407, -3.102871497566758, 8.291920134219525], [0.08459305134929335, 0.6265635248793888, -5.852597436873856, 2.775089293430459, -6.432812231319357], [0.42100243502942125, -2.4268657398004034, 5.851436126748714, -0.2168393288899936, -3.0390162605335753]]

Warstwa ukryta (nr 0)
Wartosci wyjsciowe: [1.4850862022019423e-05, 0.9999933601958143, 0.07781679572855646, 0.9999769674470786, 2.831207733806783e-06]
Wagi: [[-0.68233110601214, -0.894286092876439, -0.43191409519998164, -0.9239248948393831], [1.33355053299099, 0.44214035468246593, 0.49979447949037786, -0.34573705902837415], [-23.46829811089435, -22.115812962609176, 35.294475012913274, 39.05281382664037], [-0.09479421492179795, -2.0095786725541678, 3.1431640226225603, 0.8603868159324649], [0.11181800743244923, 2.613155505222095, -3.7980254864283274, -1.5456938113983052]]


Log: 42
Wzorzec wejsciowy: [5.4, 3.9, 1.7, 0.4]
Oczekiwana odpowiedz: [1, 0, 0]
Blad calkowity: 1.5882511657219463e-05
Bledy na wyjsciach: [0.003414738842962728, -0.004149130424615581, -0.0016997937134634361]

Wartosci wyjsciowe: [0.9965852611570373, 0.004149130424615581, 0.0016997937134634361]
Wagi: [[-0.33204469553210186, -0.6575891021764728, -2.6543241685903407, -3.102871497566758, 8.291920134219525], [0.08459305134929335, 0.6265635248793888, -5.852597436873856, 2.775089293430459, -6.432812231319357], [0.42100243502942125, -2.4268657398004034, 5.851436126748714, -0.2168393288899936, -3.0390162605335753]]

Warstwa ukryta (nr 0)
Wartosci wyjsciowe: [0.0005075514532280729, 0.9999022898218034, 1.5488088004320338e-78, 0.0427626925672363, 0.9932944922240328]
Wagi: [[-0.68233110601214, -0.894286092876439, -0.43191409519998164, -0.9239248948393831], [1.33355053299099, 0.44214035468246593, 0.49979447949037786, -0.34573705902837415], [-23.46829811089435, -22.115812962609176, 35.294475012913274, 39.05281382664037], [-0.09479421492179795, -2.0095786725541678, 3.1431640226225603, 0.8603868159324649], [0.11181800743244923, 2.613155505222095, -3.7980254864283274, -1.5456938113983052]]


Log: 43
Wzorzec wejsciowy: [6.7, 3.3, 5.7, 2.1]
Oczekiwana odpowiedz: [0, 0, 1]
Blad calkowity: 0.008505207985268184
Bledy na wyjsciach: [-0.00027888613706161444, -0.09219510975683866, 0.09225182887067007]

Wartosci wyjsciowe: [0.00027888613706161444, 0.09219510975683866, 0.9077481711293299]
Wagi: [[-0.33204469553210186, -0.6575891021764728, -2.6543241685903407, -3.102871497566758, 8.291920134219525], [0.08459305134929335, 0.6265635248793888, -5.852597436873856, 2.775089293430459, -6.432812231319357], [0.42100243502942125, -2.4268657398004034, 5.851436126748714, -0.2168393288899936, -3.0390162605335753]]

Warstwa ukryta (nr 0)
Wartosci wyjsciowe: [1.3214372634298985e-05, 0.999994513220002, 0.9999858280631717, 0.9999939135721652, 6.513530472560344e-07]
Wagi: [[-0.68233110601214, -0.894286092876439, -0.43191409519998164, -0.9239248948393831], [1.33355053299099, 0.44214035468246593, 0.49979447949037786, -0.34573705902837415], [-23.46829811089435, -22.115812962609176, 35.294475012913274, 39.05281382664037], [-0.09479421492179795, -2.0095786725541678, 3.1431640226225603, 0.8603868159324649], [0.11181800743244923, 2.613155505222095, -3.7980254864283274, -1.5456938113983052]]


Log: 44
Wzorzec wejsciowy: [4.9, 3.1, 1.5, 0.2]
Oczekiwana odpowiedz: [1, 0, 0]
Blad calkowity: 2.499803944360641e-05
Bledy na wyjsciach: [0.004459978878806559, -0.005200638174444757, -0.001748722352553463]

Wartosci wyjsciowe: [0.9955400211211934, 0.005200638174444757, 0.001748722352553463]
Wagi: [[-0.33204469553210186, -0.6575891021764728, -2.6543241685903407, -3.102871497566758, 8.291920134219525], [0.08459305134929335, 0.6265635248793888, -5.852597436873856, 2.775089293430459, -6.432812231319357], [0.42100243502942125, -2.4268657398004034, 5.851436126748714, -0.2168393288899936, -3.0390162605335753]]

Warstwa ukryta (nr 0)
Wartosci wyjsciowe: [0.0019120936509388383, 0.9997204662859109, 3.252152937335433e-72, 0.09500194756686582, 0.9805527046873748]
Wagi: [[-0.68233110601214, -0.894286092876439, -0.43191409519998164, -0.9239248948393831], [1.33355053299099, 0.44214035468246593, 0.49979447949037786, -0.34573705902837415], [-23.46829811089435, -22.115812962609176, 35.294475012913274, 39.05281382664037], [-0.09479421492179795, -2.0095786725541678, 3.1431640226225603, 0.8603868159324649], [0.11181800743244923, 2.613155505222095, -3.7980254864283274, -1.5456938113983052]]


Log: 45
Wzorzec wejsciowy: [4.4, 3.2, 1.3, 0.2]
Oczekiwana odpowiedz: [1, 0, 0]
Blad calkowity: 1.6321975093995394e-05
Bledy na wyjsciach: [0.0034712209521211568, -0.004205131498375948, -0.0017062955110157011]

Wartosci wyjsciowe: [0.9965287790478788, 0.004205131498375948, 0.0017062955110157011]
Wagi: [[-0.33204469553210186, -0.6575891021764728, -2.6543241685903407, -3.102871497566758, 8.291920134219525], [0.08459305134929335, 0.6265635248793888, -5.852597436873856, 2.775089293430459, -6.432812231319357], [0.42100243502942125, -2.4268657398004034, 5.851436126748714, -0.2168393288899936, -3.0390162605335753]]

Warstwa ukryta (nr 0)
Wartosci wyjsciowe: [0.0026792840173310377, 0.9994244380428943, 3.8205900838092295e-71, 0.04581574582898288, 0.992500714917635]
Wagi: [[-0.68233110601214, -0.894286092876439, -0.43191409519998164, -0.9239248948393831], [1.33355053299099, 0.44214035468246593, 0.49979447949037786, -0.34573705902837415], [-23.46829811089435, -22.115812962609176, 35.294475012913274, 39.05281382664037], [-0.09479421492179795, -2.0095786725541678, 3.1431640226225603, 0.8603868159324649], [0.11181800743244923, 2.613155505222095, -3.7980254864283274, -1.5456938113983052]]


